-0.00015631 0.00043355 -0.00061872 -0.0043428 0.0036708 0.0027711 -0.0020522 -0.00026319 -4.6255e-005
0.00043355 -0.0009524 -0.012182 0.018316 0.023711 -0.026721 -0.0031073 0.0034585 -0.00026319
-0.00061872 -0.012182 0.03109 0.068157 -0.12897 -0.024499 0.04976 -0.0031073 -0.0020522
-0.0043428 0.018316 0.068157 -0.21816 -0.069906 0.24168 -0.024499 -0.026721 0.0027711
0.0036708 0.023711 -0.12897 -0.069906 0.40907 -0.069906 -0.12897 0.023711 0.0036708
0.0027711 -0.026721 -0.024499 0.24168 -0.069906 -0.21816 0.068157 0.018316 -0.0043428
-0.0020522 -0.0031073 0.04976 -0.024499 -0.12897 0.068157 0.03109 -0.012182 -0.00061872
-0.00026319 0.0034585 -0.0031073 -0.026721 0.023711 0.018316 -0.012182 -0.0009524 0.00043355
-4.6255e-005 -0.00026319 -0.0020522 0.0027711 0.0036708 -0.0043428 -0.00061872 0.00043355 -0.00015631
