0.00015056 -0.00019062 -0.0013806 0.0030828 0.0015667 -0.0068454 0.0021889 0.0028313 -0.0014891 -0.00012654 0.00014962
-0.00019062 0.0023542 -0.0021914 -0.011705 0.019262 0.0072136 -0.023221 0.0054717 0.0052148 -0.0020208 -0.00012654
-0.0013806 -0.0021914 0.019964 -0.013691 -0.053887 0.065343 0.018031 -0.042769 0.0074259 0.0052148 -0.0014891
0.0030828 -0.011705 -0.013691 0.091908 -0.046443 -0.13469 0.12035 0.024471 -0.042769 0.0054717 0.0028313
0.0015667 0.019262 -0.053887 -0.046443 0.22973 -0.085539 -0.1828 0.12035 0.018031 -0.023221 0.0021889
-0.0068454 0.0072136 0.065343 -0.13469 -0.085539 0.31178 -0.085539 -0.13469 0.065343 0.0072136 -0.0068454
0.0021889 -0.023221 0.018031 0.12035 -0.1828 -0.085539 0.22973 -0.046443 -0.053887 0.019262 0.0015667
0.0028313 0.0054717 -0.042769 0.024471 0.12035 -0.13469 -0.046443 0.091908 -0.013691 -0.011705 0.0030828
-0.0014891 0.0052148 0.0074259 -0.042769 0.018031 0.065343 -0.053887 -0.013691 0.019964 -0.0021914 -0.0013806
-0.00012654 -0.0020208 0.0052148 0.0054717 -0.023221 0.0072136 0.019262 -0.011705 -0.0021914 0.0023542 -0.00019062
0.00014962 -0.00012654 -0.0014891 0.0028313 0.0021889 -0.0068454 0.0015667 0.0030828 -0.0013806 -0.00019062 0.00015056
