-5.9186e-006 9.7761e-006 -2.9305e-006 -1.524e-005 2.8761e-005 -1.3936e-005 -3.2355e-005 7.1377e-005 -4.5557e-005 -5.5384e-005 0.00014961 -0.00011567 -7.2697e-005 0.00026486 -0.00023803 -6.2601e-005 0.0003954 -0.00040489 -4.9299e-006 0.00049624 -0.0005753 9.9136e-005 0.00052069 -0.00068687 0.00021696 0.00045231 -0.0006914 0.00029967 0.00031942 -0.00058771 0.00031436 0.00017643 -0.00042198 0.00026485 6.8572e-005 -0.00025566 0.00018362 1.0378e-005 -0.00013037 0.00010607 -9.5057e-006 -5.5686e-005 5.1415e-005 -1.0363e-005 -1.9762e-005 2.0994e-005 -6.1284e-006 -5.7406e-006 7.2361e-006
9.7761e-006 -2.9776e-006 -1.5734e-005 3.0172e-005 -1.4855e-005 -3.5044e-005 7.8552e-005 -5.0943e-005 -6.2928e-005 0.00017273 -0.00013569 -8.6652e-005 0.00032078 -0.00029293 -7.8278e-005 0.00050237 -0.00052272 -6.4664e-006 0.00066144 -0.00077915 0.00013643 0.00072807 -0.00097589 0.00031321 0.00066348 -0.0010305 0.00045384 0.00049153 -0.00091894 0.00049944 0.00028482 -0.00069217 0.00044142 0.00011613 -0.00043993 0.00032105 1.8439e-005 -0.00023533 0.00019456 -1.7715e-005 -0.00010545 9.8934e-005 -2.026e-005 -3.9259e-005 4.2381e-005 -1.2568e-005 -1.1962e-005 1.5325e-005 -5.7406e-006
-2.9305e-006 -1.5734e-005 3.0657e-005 -1.5337e-005 -3.6763e-005 8.3731e-005 -5.5176e-005 -6.9254e-005 0.00019315 -0.00015417 -0.00010004 0.0003763 -0.00034916 -9.4805e-005 0.00061824 -0.00065363 -8.2155e-006 0.00085392 -0.0010221 0.00018184 0.00098605 -0.001343 0.00043795 0.00094266 -0.0014877 0.00066572 0.00073261 -0.0013917 0.00076855 0.00044535 -0.0010997 0.0007126 0.00019049 -0.00073323 0.00054371 3.1731e-005 -0.00041147 0.00034566 -3.1977e-005 -0.00019342 0.00018439 -3.8365e-005 -7.554e-005 8.2863e-005 -2.4967e-005 -2.4145e-005 3.1435e-005 -1.1962e-005 -6.1284e-006
-1.524e-005 3.0172e-005 -1.5337e-005 -3.7354e-005 8.6448e-005 -5.7883e-005 -7.382e-005 0.0002092 -0.00016967 -0.00011187 0.00042756 -0.0004031 -0.00011121 0.00073692 -0.00079163 -1.011e-005 0.0010678 -0.0012986 0.00023476 0.0012935 -0.00179 0.00059314 0.0012972 -0.0020802 0.00094585 0.0010576 -0.0020414 0.0011455 0.00067446 -0.0016922 0.0011142 0.00030264 -0.0011837 0.00089184 5.2887e-005 -0.00069682 0.0005948 -5.591e-005 -0.00034363 0.00033286 -7.0369e-005 -0.00014079 0.00015692 -4.804e-005 -4.7207e-005 6.2451e-005 -2.4145e-005 -1.2568e-005 2.0994e-005
2.8761e-005 -1.4855e-005 -3.6763e-005 8.6448e-005 -5.8814e-005 -7.6215e-005 0.00021947 -0.00018086 -0.00012116 0.00047054 -0.00045076 -0.00012636 0.00085078 -0.00092865 -1.205e-005 0.0012932 -0.0015981 0.00029355 0.0016434 -0.0023109 0.00077806 0.001729 -0.0028173 0.0013016 0.0014789 -0.0029004 0.0016537 0.00098935 -0.0025222 0.0016874 0.00046571 -0.0018508 0.0014169 8.5377e-005 -0.001143 0.00099135 -9.4683e-005 -0.00059131 0.00058199 -0.00012502 -0.00025414 0.00028783 -8.9533e-005 -8.9396e-005 0.00012017 -4.7207e-005 -2.4967e-005 4.2381e-005 -1.9762e-005
-1.3936e-005 -3.5044e-005 8.3731e-005 -5.7883e-005 -7.6215e-005 0.000223 -0.00018673 -0.00012711 0.00050157 -0.00048822 -0.00013907 0.00095137 -0.0010552 -1.3912e-005 0.0015171 -0.0019049 0.00035553 0.0020225 -0.0028896 0.00098858 0.0022322 -0.0036957 0.0017349 0.0020029 -0.0039914 0.0023123 0.0014056 -0.0036412 0.0024753 0.00069413 -0.0028029 0.0021804 0.0001335 -0.0018159 0.0016004 -0.00015531 -0.00098553 0.00098561 -0.00021512 -0.00044436 0.00051136 -0.00016162 -0.00016397 0.00022397 -8.9396e-005 -4.804e-005 8.2863e-005 -3.9259e-005 -1.0363e-005
-3.2355e-005 7.8552e-005 -5.5176e-005 -7.382e-005 0.00021947 -0.00018673 -0.00012915 0.00051784 -0.00051217 -0.00014824 0.0010304 -0.0011612 -1.5557e-005 0.0017237 -0.0021992 0.00041707 0.0024107 -0.0034998 0.0012166 0.0027912 -0.0046956 0.0022398 0.0026273 -0.0053201 0.0031317 0.0019343 -0.0050914 0.0035168 0.0010021 -0.0041115 0.0032498 0.00020217 -0.0027944 0.0025023 -0.00024674 -0.001591 0.0016167 -0.00035854 -0.00075252 0.00087993 -0.00028259 -0.00029131 0.0004043 -0.00016397 -8.9533e-005 0.00015692 -7.554e-005 -2.026e-005 5.1415e-005
7.1377e-005 -5.0943e-005 -6.9254e-005 0.0002092 -0.00018086 -0.00012711 0.00051784 -0.00052041 -0.00015304 0.001081 -0.0012378 -1.6849e-005 0.001897 -0.0024592 0.00047388 0.0027832 -0.0041055 0.0014501 0.0033806 -0.0057785 0.0028007 0.0033382 -0.0068682 0.004108 0.0025783 -0.0068955 0.0048396 0.0014012 -0.0058415 0.0046916 0.00029656 -0.004165 0.0037896 -0.00037969 -0.0024876 0.0025685 -0.0005788 -0.0012344 0.0014666 -0.00047856 -0.00050127 0.00070691 -0.00029131 -0.00016162 0.00028783 -0.00014079 -3.8365e-005 9.8934e-005 -5.5686e-005
-4.5557e-005 -6.2928e-005 0.00019315 -0.00016967 -0.00012116 0.00050157 -0.00051217 -0.00015304 0.0010984 -0.0012779 -1.7676e-005 0.0020221 -0.0026636 0.00052152 0.0031122 -0.0046648 0.0016742 0.0039657 -0.0068878 0.003392 0.0041081 -0.0085883 0.0052195 0.0033286 -0.0090453 0.0064506 0.0018977 -0.0080387 0.0065601 0.00042135 -0.0060128 0.0055589 -0.00056593 -0.0037674 0.0039525 -0.000905 -0.0019611 0.0023675 -0.00078499 -0.00083546 0.0011972 -0.00050127 -0.00028259 0.00051136 -0.00025414 -7.0369e-005 0.00018439 -0.00010545 -9.5057e-006
-5.5384e-005 0.00017273 -0.00015417 -0.00011187 0.00047054 -0.00048822 -0.00014824 0.001081 -0.0012779 -1.796e-005 0.0020877 -0.0027942 0.00055591 0.0033708 -0.0051337 0.0018721 0.004506 -0.007952 0.0039791 0.0048966 -0.010402 0.0064233 0.0041622 -0.011493 0.0083277 0.0024893 -0.010715 0.0088846 0.00057984 -0.0084075 0.007898 -0.00081699 -0.0055263 0.0058911 -0.0013706 -0.0030178 0.0037018 -0.0012471 -0.0013487 0.0019637 -0.00083546 -0.00047856 0.00087993 -0.00044436 -0.00012502 0.00033286 -0.00019342 -1.7715e-005 0.00010607
0.00014961 -0.00013569 -0.00010004 0.00042756 -0.00045076 -0.00013907 0.0010304 -0.0012378 -1.7676e-005 0.0020877 -0.0028392 0.00057394 0.0035362 -0.0054722 0.0020277 0.0049589 -0.0088922 0.0045212 0.0056532 -0.012202 0.0076563 0.005041 -0.014143 0.010413 0.0031628 -0.013833 0.011655 0.00077286 -0.011387 0.010869 -0.0011424 -0.0078516 0.0085047 -0.0020105 -0.0044979 0.0056063 -0.0019191 -0.0021088 0.0031198 -0.0013487 -0.00078499 0.0014666 -0.00075252 -0.00021512 0.00058199 -0.00034363 -3.1977e-005 0.00019456 -0.00013037
-0.00011567 -8.6652e-005 0.0003763 -0.0004031 -0.00012636 0.00095137 -0.0011612 -1.6849e-005 0.0020221 -0.0027942 0.00057394 0.0035931 -0.0056497 0.0021271 0.0052859 -0.009631 0.0049757 0.0063216 -0.013864 0.0088393 0.0059135 -0.016858 0.012612 0.0038923 -0.017297 0.014808 0.00099776 -0.014937 0.014487 -0.0015472 -0.010805 0.011892 -0.0028564 -0.0064934 0.0082237 -0.0028604 -0.0031937 0.0048009 -0.0021088 -0.0012471 0.0023675 -0.0012344 -0.00035854 0.00098561 -0.00059131 -5.591e-005 0.00034566 -0.00023533 1.0378e-005
-7.2697e-005 0.00032078 -0.00034916 -0.00011121 0.00085078 -0.0010552 -1.5557e-005 0.001897 -0.0026636 0.00055591 0.0035362 -0.0056497 0.0021614 0.0054574 -0.010104 0.0053038 0.0068469 -0.015258 0.0098844 0.0067191 -0.019463 0.014795 0.0046394 -0.020949 0.018223 0.0012476 -0.018978 0.018702 -0.0020295 -0.014402 0.016106 -0.0039308 -0.0090796 0.011684 -0.0041294 -0.0046848 0.0071556 -0.0031937 -0.0019191 0.0037018 -0.0019611 -0.0005788 0.0016167 -0.00098553 -9.4683e-005 0.0005948 -0.00041147 1.8439e-005 0.00018362
0.00026486 -0.00029293 -9.4805e-005 0.00073692 -0.00092865 -1.3912e-005 0.0017237 -0.0024592 0.00052152 0.0033708 -0.0054722 0.0021271 0.0054574 -0.010266 0.0054758 0.0071827 -0.016264 0.010706 0.0073945 -0.021764 0.01681 0.0053563 -0.024575 0.021721 0.0015111 -0.023355 0.023386 -0.0025786 -0.018593 0.021127 -0.0052393 -0.012297 0.016079 -0.0057741 -0.006656 0.01033 -0.0046848 -0.0028604 0.0056063 -0.0030178 -0.000905 0.0025685 -0.001591 -0.00015531 0.00099135 -0.00069682 3.1731e-005 0.00032105 -0.00025566
-0.00023803 -7.8278e-005 0.00061824 -0.00079163 -1.205e-005 0.0015171 -0.0021992 0.00047388 0.0031122 -0.0051337 0.0020277 0.0052859 -0.010104 0.0054758 0.0072983 -0.016792 0.011231 0.007882 -0.023572 0.0185 0.0059895 -0.027923 0.025077 0.0017726 -0.027838 0.028324 -0.0031734 -0.023249 0.026843 -0.006764 -0.016131 0.021431 -0.0078201 -0.0091596 0.014444 -0.006656 -0.0041294 0.0082237 -0.0044979 -0.0013706 0.0039525 -0.0024876 -0.00024674 0.0016004 -0.001143 5.2887e-005 0.00054371 -0.00043993 6.8572e-005
-6.2601e-005 0.00050237 -0.00065363 -1.011e-005 0.0012932 -0.0019049 0.00041707 0.0027832 -0.0046648 0.0018721 0.0049589 -0.009631 0.0053038 0.0071827 -0.016792 0.011412 0.0081377 -0.024729 0.01972 0.0064872 -0.03073 0.028042 0.0020141 -0.032139 0.033226 -0.0037825 -0.028158 0.033034 -0.008458 -0.020495 0.027668 -0.010258 -0.012209 0.019563 -0.0091596 -0.0057741 0.011684 -0.0064934 -0.0020105 0.0058911 -0.0037674 -0.00037969 0.0025023 -0.0018159 8.5377e-005 0.00089184 -0.00073323 0.00011613 0.00026485
0.0003954 -0.00052272 -8.2155e-006 0.0010678 -0.0015981 0.00035553 0.0024107 -0.0041055 0.0016742 0.004506 -0.0088922 0.0049757 0.0068469 -0.016264 0.011231 0.0081377 -0.025127 0.02036 0.0068055 -0.032756 0.030372 0.0022165 -0.035939 0.037753 -0.004367 -0.033031 0.039375 -0.010244 -0.025222 0.034597 -0.013034 -0.015761 0.025662 -0.012209 -0.0078201 0.016079 -0.0090796 -0.0028564 0.0085047 -0.0055263 -0.00056593 0.0037896 -0.0027944 0.0001335 0.0014169 -0.0011837 0.00019049 0.00044142 -0.00042198
-0.00040489 -6.4664e-006 0.00085392 -0.0012986 0.00029355 0.0020225 -0.0034998 0.0014501 0.0039657 -0.007952 0.0045212 0.0063216 -0.015258 0.010706 0.007882 -0.024729 0.02036 0.006915 -0.033819 0.031862 0.0023627 -0.038925 0.041548 -0.0048833 -0.037531 0.045459 -0.012017 -0.030064 0.041902 -0.01604 -0.019709 0.032605 -0.015761 -0.010258 0.021431 -0.012297 -0.0039308 0.011892 -0.0078516 -0.00081699 0.0055589 -0.004165 0.00020217 0.0021804 -0.0018508 0.00030264 0.0007126 -0.00069217 0.00017643
-4.9299e-006 0.00066144 -0.0010221 0.00023476 0.0016434 -0.0028896 0.0012166 0.0033806 -0.0068878 0.0039791 0.0056532 -0.013864 0.0098844 0.0073945 -0.023572 0.01972 0.0068055 -0.033819 0.032375 0.0024394 -0.040835 0.044287 -0.005289 -0.041304 0.050834 -0.013654 -0.034709 0.049154 -0.019119 -0.02387 0.040125 -0.019709 -0.013034 0.027668 -0.016131 -0.0052393 0.016106 -0.010805 -0.0011424 0.007898 -0.0060128 0.00029656 0.0032498 -0.0028029 0.00046571 0.0011142 -0.0010997 0.00028482 0.00031436
0.00049624 -0.00077915 0.00018184 0.0012935 -0.0023109 0.00098858 0.0027912 -0.0057785 0.003392 0.0048966 -0.012202 0.0088393 0.0067191 -0.021764 0.0185 0.0064872 -0.032756 0.031862 0.0024394 -0.041492 0.045724 -0.0055485 -0.044027 0.055058 -0.015026 -0.038812 0.05585 -0.022073 -0.028002 0.047827 -0.02387 -0.01604 0.034597 -0.020495 -0.006764 0.021127 -0.014402 -0.0015472 0.010869 -0.0084075 0.00042135 0.0046916 -0.0041115 0.00069413 0.0016874 -0.0016922 0.00044535 0.00049944 -0.00058771
-0.0005753 0.00013643 0.00098605 -0.00179 0.00077806 0.0022322 -0.0046956 0.0028007 0.0041081 -0.010402 0.0076563 0.0059135 -0.019463 0.01681 0.0059895 -0.03073 0.030372 0.0023627 -0.040835 0.045724 -0.0056378 -0.045456 0.057758 -0.016017 -0.042037 0.061465 -0.024682 -0.031816 0.055217 -0.028002 -0.019119 0.041902 -0.025222 -0.008458 0.026843 -0.018593 -0.0020295 0.014487 -0.011387 0.00057984 0.0065601 -0.0058415 0.0010021 0.0024753 -0.0025222 0.00067446 0.00076855 -0.00091894 0.00031942
9.9136e-005 0.00072807 -0.001343 0.00059314 0.001729 -0.0036957 0.0022398 0.0033382 -0.0085883 0.0064233 0.005041 -0.016858 0.014795 0.0053563 -0.027923 0.028042 0.0022165 -0.038925 0.044287 -0.0055485 -0.045456 0.058688 -0.016537 -0.044099 0.065517 -0.026733 -0.035014 0.061745 -0.031816 -0.022073 0.049154 -0.030064 -0.010244 0.033034 -0.023249 -0.0025786 0.018702 -0.014937 0.00077286 0.0088846 -0.0080387 0.0014012 0.0035168 -0.0036412 0.00098935 0.0011455 -0.0013917 0.00049153 0.00029967
0.00052069 -0.00097589 0.00043795 0.0012972 -0.0028173 0.0017349 0.0026273 -0.0068682 0.0052195 0.0041622 -0.014143 0.012612 0.0046394 -0.024575 0.025077 0.0020141 -0.035939 0.041548 -0.005289 -0.044027 0.057758 -0.016537 -0.044809 0.067643 -0.028045 -0.037323 0.066875 -0.035014 -0.024682 0.05585 -0.034709 -0.012017 0.039375 -0.028158 -0.0031734 0.023386 -0.018978 0.00099776 0.011655 -0.010715 0.0018977 0.0048396 -0.0050914 0.0014056 0.0016537 -0.0020414 0.00073261 0.00045384 -0.0006914
-0.00068687 0.00031321 0.00094266 -0.0020802 0.0013016 0.0020029 -0.0053201 0.004108 0.0033286 -0.011493 0.010413 0.0038923 -0.020949 0.021721 0.0017726 -0.032139 0.037753 -0.0048833 -0.041304 0.055058 -0.016017 -0.044099 0.067643 -0.028496 -0.038534 0.070156 -0.037323 -0.026733 0.061465 -0.038812 -0.013654 0.045459 -0.033031 -0.0037825 0.028324 -0.023355 0.0012476 0.014808 -0.013833 0.0024893 0.0064506 -0.0068955 0.0019343 0.0023123 -0.0029004 0.0010576 0.00066572 -0.0010305 0.00045231
0.00021696 0.00066348 -0.0014877 0.00094585 0.0014789 -0.0039914 0.0031317 0.0025783 -0.0090453 0.0083277 0.0031628 -0.017297 0.018223 0.0015111 -0.027838 0.033226 -0.004367 -0.037531 0.050834 -0.015026 -0.042037 0.065517 -0.028045 -0.038534 0.071285 -0.038534 -0.028045 0.065517 -0.042037 -0.015026 0.050834 -0.037531 -0.004367 0.033226 -0.027838 0.0015111 0.018223 -0.017297 0.0031628 0.0083277 -0.0090453 0.0025783 0.0031317 -0.0039914 0.0014789 0.00094585 -0.0014877 0.00066348 0.00021696
0.00045231 -0.0010305 0.00066572 0.0010576 -0.0029004 0.0023123 0.0019343 -0.0068955 0.0064506 0.0024893 -0.013833 0.014808 0.0012476 -0.023355 0.028324 -0.0037825 -0.033031 0.045459 -0.013654 -0.038812 0.061465 -0.026733 -0.037323 0.070156 -0.038534 -0.028496 0.067643 -0.044099 -0.016017 0.055058 -0.041304 -0.0048833 0.037753 -0.032139 0.0017726 0.021721 -0.020949 0.0038923 0.010413 -0.011493 0.0033286 0.004108 -0.0053201 0.0020029 0.0013016 -0.0020802 0.00094266 0.00031321 -0.00068687
-0.0006914 0.00045384 0.00073261 -0.0020414 0.0016537 0.0014056 -0.0050914 0.0048396 0.0018977 -0.010715 0.011655 0.00099776 -0.018978 0.023386 -0.0031734 -0.028158 0.039375 -0.012017 -0.034709 0.05585 -0.024682 -0.035014 0.066875 -0.037323 -0.028045 0.067643 -0.044809 -0.016537 0.057758 -0.044027 -0.005289 0.041548 -0.035939 0.0020141 0.025077 -0.024575 0.0046394 0.012612 -0.014143 0.0041622 0.0052195 -0.0068682 0.0026273 0.0017349 -0.0028173 0.0012972 0.00043795 -0.00097589 0.00052069
0.00029967 0.00049153 -0.0013917 0.0011455 0.00098935 -0.0036412 0.0035168 0.0014012 -0.0080387 0.0088846 0.00077286 -0.014937 0.018702 -0.0025786 -0.023249 0.033034 -0.010244 -0.030064 0.049154 -0.022073 -0.031816 0.061745 -0.035014 -0.026733 0.065517 -0.044099 -0.016537 0.058688 -0.045456 -0.0055485 0.044287 -0.038925 0.0022165 0.028042 -0.027923 0.0053563 0.014795 -0.016858 0.005041 0.0064233 -0.0085883 0.0033382 0.0022398 -0.0036957 0.001729 0.00059314 -0.001343 0.00072807 9.9136e-005
0.00031942 -0.00091894 0.00076855 0.00067446 -0.0025222 0.0024753 0.0010021 -0.0058415 0.0065601 0.00057984 -0.011387 0.014487 -0.0020295 -0.018593 0.026843 -0.008458 -0.025222 0.041902 -0.019119 -0.028002 0.055217 -0.031816 -0.024682 0.061465 -0.042037 -0.016017 0.057758 -0.045456 -0.0056378 0.045724 -0.040835 0.0023627 0.030372 -0.03073 0.0059895 0.01681 -0.019463 0.0059135 0.0076563 -0.010402 0.0041081 0.0028007 -0.0046956 0.0022322 0.00077806 -0.00179 0.00098605 0.00013643 -0.0005753
-0.00058771 0.00049944 0.00044535 -0.0016922 0.0016874 0.00069413 -0.0041115 0.0046916 0.00042135 -0.0084075 0.010869 -0.0015472 -0.014402 0.021127 -0.006764 -0.020495 0.034597 -0.01604 -0.02387 0.047827 -0.028002 -0.022073 0.05585 -0.038812 -0.015026 0.055058 -0.044027 -0.0055485 0.045724 -0.041492 0.0024394 0.031862 -0.032756 0.0064872 0.0185 -0.021764 0.0067191 0.0088393 -0.012202 0.0048966 0.003392 -0.0057785 0.0027912 0.00098858 -0.0023109 0.0012935 0.00018184 -0.00077915 0.00049624
0.00031436 0.00028482 -0.0010997 0.0011142 0.00046571 -0.0028029 0.0032498 0.00029656 -0.0060128 0.007898 -0.0011424 -0.010805 0.016106 -0.0052393 -0.016131 0.027668 -0.013034 -0.019709 0.040125 -0.02387 -0.019119 0.049154 -0.034709 -0.013654 0.050834 -0.041304 -0.005289 0.044287 -0.040835 0.0024394 0.032375 -0.033819 0.0068055 0.01972 -0.023572 0.0073945 0.0098844 -0.013864 0.0056532 0.0039791 -0.0068878 0.0033806 0.0012166 -0.0028896 0.0016434 0.00023476 -0.0010221 0.00066144 -4.9299e-006
0.00017643 -0.00069217 0.0007126 0.00030264 -0.0018508 0.0021804 0.00020217 -0.004165 0.0055589 -0.00081699 -0.0078516 0.011892 -0.0039308 -0.012297 0.021431 -0.010258 -0.015761 0.032605 -0.019709 -0.01604 0.041902 -0.030064 -0.012017 0.045459 -0.037531 -0.0048833 0.041548 -0.038925 0.0023627 0.031862 -0.033819 0.006915 0.02036 -0.024729 0.007882 0.010706 -0.015258 0.0063216 0.0045212 -0.007952 0.0039657 0.0014501 -0.0034998 0.0020225 0.00029355 -0.0012986 0.00085392 -6.4664e-006 -0.00040489
-0.00042198 0.00044142 0.00019049 -0.0011837 0.0014169 0.0001335 -0.0027944 0.0037896 -0.00056593 -0.0055263 0.0085047 -0.0028564 -0.0090796 0.016079 -0.0078201 -0.012209 0.025662 -0.015761 -0.013034 0.034597 -0.025222 -0.010244 0.039375 -0.033031 -0.004367 0.037753 -0.035939 0.0022165 0.030372 -0.032756 0.0068055 0.02036 -0.025127 0.0081377 0.011231 -0.016264 0.0068469 0.0049757 -0.0088922 0.004506 0.0016742 -0.0041055 0.0024107 0.00035553 -0.0015981 0.0010678 -8.2155e-006 -0.00052272 0.0003954
0.00026485 0.00011613 -0.00073323 0.00089184 8.5377e-005 -0.0018159 0.0025023 -0.00037969 -0.0037674 0.0058911 -0.0020105 -0.0064934 0.011684 -0.0057741 -0.0091596 0.019563 -0.012209 -0.010258 0.027668 -0.020495 -0.008458 0.033034 -0.028158 -0.0037825 0.033226 -0.032139 0.0020141 0.028042 -0.03073 0.0064872 0.01972 -0.024729 0.0081377 0.011412 -0.016792 0.0071827 0.0053038 -0.009631 0.0049589 0.0018721 -0.0046648 0.0027832 0.00041707 -0.0019049 0.0012932 -1.011e-005 -0.00065363 0.00050237 -6.2601e-005
6.8572e-005 -0.00043993 0.00054371 5.2887e-005 -0.001143 0.0016004 -0.00024674 -0.0024876 0.0039525 -0.0013706 -0.0044979 0.0082237 -0.0041294 -0.006656 0.014444 -0.0091596 -0.0078201 0.021431 -0.016131 -0.006764 0.026843 -0.023249 -0.0031734 0.028324 -0.027838 0.0017726 0.025077 -0.027923 0.0059895 0.0185 -0.023572 0.007882 0.011231 -0.016792 0.0072983 0.0054758 -0.010104 0.0052859 0.0020277 -0.0051337 0.0031122 0.00047388 -0.0021992 0.0015171 -1.205e-005 -0.00079163 0.00061824 -7.8278e-005 -0.00023803
-0.00025566 0.00032105 3.1731e-005 -0.00069682 0.00099135 -0.00015531 -0.001591 0.0025685 -0.000905 -0.0030178 0.0056063 -0.0028604 -0.0046848 0.01033 -0.006656 -0.0057741 0.016079 -0.012297 -0.0052393 0.021127 -0.018593 -0.0025786 0.023386 -0.023355 0.0015111 0.021721 -0.024575 0.0053563 0.01681 -0.021764 0.0073945 0.010706 -0.016264 0.0071827 0.0054758 -0.010266 0.0054574 0.0021271 -0.0054722 0.0033708 0.00052152 -0.0024592 0.0017237 -1.3912e-005 -0.00092865 0.00073692 -9.4805e-005 -0.00029293 0.00026486
0.00018362 1.8439e-005 -0.00041147 0.0005948 -9.4683e-005 -0.00098553 0.0016167 -0.0005788 -0.0019611 0.0037018 -0.0019191 -0.0031937 0.0071556 -0.0046848 -0.0041294 0.011684 -0.0090796 -0.0039308 0.016106 -0.014402 -0.0020295 0.018702 -0.018978 0.0012476 0.018223 -0.020949 0.0046394 0.014795 -0.019463 0.0067191 0.0098844 -0.015258 0.0068469 0.0053038 -0.010104 0.0054574 0.0021614 -0.0056497 0.0035362 0.00055591 -0.0026636 0.001897 -1.5557e-005 -0.0010552 0.00085078 -0.00011121 -0.00034916 0.00032078 -7.2697e-005
1.0378e-005 -0.00023533 0.00034566 -5.591e-005 -0.00059131 0.00098561 -0.00035854 -0.0012344 0.0023675 -0.0012471 -0.0021088 0.0048009 -0.0031937 -0.0028604 0.0082237 -0.0064934 -0.0028564 0.011892 -0.010805 -0.0015472 0.014487 -0.014937 0.00099776 0.014808 -0.017297 0.0038923 0.012612 -0.016858 0.0059135 0.0088393 -0.013864 0.0063216 0.0049757 -0.009631 0.0052859 0.0021271 -0.0056497 0.0035931 0.00057394 -0.0027942 0.0020221 -1.6849e-005 -0.0011612 0.00095137 -0.00012636 -0.0004031 0.0003763 -8.6652e-005 -0.00011567
-0.00013037 0.00019456 -3.1977e-005 -0.00034363 0.00058199 -0.00021512 -0.00075252 0.0014666 -0.00078499 -0.0013487 0.0031198 -0.0021088 -0.0019191 0.0056063 -0.0044979 -0.0020105 0.0085047 -0.0078516 -0.0011424 0.010869 -0.011387 0.00077286 0.011655 -0.013833 0.0031628 0.010413 -0.014143 0.005041 0.0076563 -0.012202 0.0056532 0.0045212 -0.0088922 0.0049589 0.0020277 -0.0054722 0.0035362 0.00057394 -0.0028392 0.0020877 -1.7676e-005 -0.0012378 0.0010304 -0.00013907 -0.00045076 0.00042756 -0.00010004 -0.00013569 0.00014961
0.00010607 -1.7715e-005 -0.00019342 0.00033286 -0.00012502 -0.00044436 0.00087993 -0.00047856 -0.00083546 0.0019637 -0.0013487 -0.0012471 0.0037018 -0.0030178 -0.0013706 0.0058911 -0.0055263 -0.00081699 0.007898 -0.0084075 0.00057984 0.0088846 -0.010715 0.0024893 0.0083277 -0.011493 0.0041622 0.0064233 -0.010402 0.0048966 0.0039791 -0.007952 0.004506 0.0018721 -0.0051337 0.0033708 0.00055591 -0.0027942 0.0020877 -1.796e-005 -0.0012779 0.001081 -0.00014824 -0.00048822 0.00047054 -0.00011187 -0.00015417 0.00017273 -5.5384e-005
-9.5057e-006 -0.00010545 0.00018439 -7.0369e-005 -0.00025414 0.00051136 -0.00028259 -0.00050127 0.0011972 -0.00083546 -0.00078499 0.0023675 -0.0019611 -0.000905 0.0039525 -0.0037674 -0.00056593 0.0055589 -0.0060128 0.00042135 0.0065601 -0.0080387 0.0018977 0.0064506 -0.0090453 0.0033286 0.0052195 -0.0085883 0.0041081 0.003392 -0.0068878 0.0039657 0.0016742 -0.0046648 0.0031122 0.00052152 -0.0026636 0.0020221 -1.7676e-005 -0.0012779 0.0010984 -0.00015304 -0.00051217 0.00050157 -0.00012116 -0.00016967 0.00019315 -6.2928e-005 -4.5557e-005
-5.5686e-005 9.8934e-005 -3.8365e-005 -0.00014079 0.00028783 -0.00016162 -0.00029131 0.00070691 -0.00050127 -0.00047856 0.0014666 -0.0012344 -0.0005788 0.0025685 -0.0024876 -0.00037969 0.0037896 -0.004165 0.00029656 0.0046916 -0.0058415 0.0014012 0.0048396 -0.0068955 0.0025783 0.004108 -0.0068682 0.0033382 0.0028007 -0.0057785 0.0033806 0.0014501 -0.0041055 0.0027832 0.00047388 -0.0024592 0.001897 -1.6849e-005 -0.0012378 0.001081 -0.00015304 -0.00052041 0.00051784 -0.00012711 -0.00018086 0.0002092 -6.9254e-005 -5.0943e-005 7.1377e-005
5.1415e-005 -2.026e-005 -7.554e-005 0.00015692 -8.9533e-005 -0.00016397 0.0004043 -0.00029131 -0.00028259 0.00087993 -0.00075252 -0.00035854 0.0016167 -0.001591 -0.00024674 0.0025023 -0.0027944 0.00020217 0.0032498 -0.0041115 0.0010021 0.0035168 -0.0050914 0.0019343 0.0031317 -0.0053201 0.0026273 0.0022398 -0.0046956 0.0027912 0.0012166 -0.0034998 0.0024107 0.00041707 -0.0021992 0.0017237 -1.5557e-005 -0.0011612 0.0010304 -0.00014824 -0.00051217 0.00051784 -0.00012915 -0.00018673 0.00021947 -7.382e-005 -5.5176e-005 7.8552e-005 -3.2355e-005
-1.0363e-005 -3.9259e-005 8.2863e-005 -4.804e-005 -8.9396e-005 0.00022397 -0.00016397 -0.00016162 0.00051136 -0.00044436 -0.00021512 0.00098561 -0.00098553 -0.00015531 0.0016004 -0.0018159 0.0001335 0.0021804 -0.0028029 0.00069413 0.0024753 -0.0036412 0.0014056 0.0023123 -0.0039914 0.0020029 0.0017349 -0.0036957 0.0022322 0.00098858 -0.0028896 0.0020225 0.00035553 -0.0019049 0.0015171 -1.3912e-005 -0.0010552 0.00095137 -0.00013907 -0.00048822 0.00050157 -0.00012711 -0.00018673 0.000223 -7.6215e-005 -5.7883e-005 8.3731e-005 -3.5044e-005 -1.3936e-005
-1.9762e-005 4.2381e-005 -2.4967e-005 -4.7207e-005 0.00012017 -8.9396e-005 -8.9533e-005 0.00028783 -0.00025414 -0.00012502 0.00058199 -0.00059131 -9.4683e-005 0.00099135 -0.001143 8.5377e-005 0.0014169 -0.0018508 0.00046571 0.0016874 -0.0025222 0.00098935 0.0016537 -0.0029004 0.0014789 0.0013016 -0.0028173 0.001729 0.00077806 -0.0023109 0.0016434 0.00029355 -0.0015981 0.0012932 -1.205e-005 -0.00092865 0.00085078 -0.00012636 -0.00045076 0.00047054 -0.00012116 -0.00018086 0.00021947 -7.6215e-005 -5.8814e-005 8.6448e-005 -3.6763e-005 -1.4855e-005 2.8761e-005
2.0994e-005 -1.2568e-005 -2.4145e-005 6.2451e-005 -4.7207e-005 -4.804e-005 0.00015692 -0.00014079 -7.0369e-005 0.00033286 -0.00034363 -5.591e-005 0.0005948 -0.00069682 5.2887e-005 0.00089184 -0.0011837 0.00030264 0.0011142 -0.0016922 0.00067446 0.0011455 -0.0020414 0.0010576 0.00094585 -0.0020802 0.0012972 0.00059314 -0.00179 0.0012935 0.00023476 -0.0012986 0.0010678 -1.011e-005 -0.00079163 0.00073692 -0.00011121 -0.0004031 0.00042756 -0.00011187 -0.00016967 0.0002092 -7.382e-005 -5.7883e-005 8.6448e-005 -3.7354e-005 -1.5337e-005 3.0172e-005 -1.524e-005
-6.1284e-006 -1.1962e-005 3.1435e-005 -2.4145e-005 -2.4967e-005 8.2863e-005 -7.554e-005 -3.8365e-005 0.00018439 -0.00019342 -3.1977e-005 0.00034566 -0.00041147 3.1731e-005 0.00054371 -0.00073323 0.00019049 0.0007126 -0.0010997 0.00044535 0.00076855 -0.0013917 0.00073261 0.00066572 -0.0014877 0.00094266 0.00043795 -0.001343 0.00098605 0.00018184 -0.0010221 0.00085392 -8.2155e-006 -0.00065363 0.00061824 -9.4805e-005 -0.00034916 0.0003763 -0.00010004 -0.00015417 0.00019315 -6.9254e-005 -5.5176e-005 8.3731e-005 -3.6763e-005 -1.5337e-005 3.0657e-005 -1.5734e-005 -2.9305e-006
-5.7406e-006 1.5325e-005 -1.1962e-005 -1.2568e-005 4.2381e-005 -3.9259e-005 -2.026e-005 9.8934e-005 -0.00010545 -1.7715e-005 0.00019456 -0.00023533 1.8439e-005 0.00032105 -0.00043993 0.00011613 0.00044142 -0.00069217 0.00028482 0.00049944 -0.00091894 0.00049153 0.00045384 -0.0010305 0.00066348 0.00031321 -0.00097589 0.00072807 0.00013643 -0.00077915 0.00066144 -6.4664e-006 -0.00052272 0.00050237 -7.8278e-005 -0.00029293 0.00032078 -8.6652e-005 -0.00013569 0.00017273 -6.2928e-005 -5.0943e-005 7.8552e-005 -3.5044e-005 -1.4855e-005 3.0172e-005 -1.5734e-005 -2.9776e-006 9.7761e-006
7.2361e-006 -5.7406e-006 -6.1284e-006 2.0994e-005 -1.9762e-005 -1.0363e-005 5.1415e-005 -5.5686e-005 -9.5057e-006 0.00010607 -0.00013037 1.0378e-005 0.00018362 -0.00025566 6.8572e-005 0.00026485 -0.00042198 0.00017643 0.00031436 -0.00058771 0.00031942 0.00029967 -0.0006914 0.00045231 0.00021696 -0.00068687 0.00052069 9.9136e-005 -0.0005753 0.00049624 -4.9299e-006 -0.00040489 0.0003954 -6.2601e-005 -0.00023803 0.00026486 -7.2697e-005 -0.00011567 0.00014961 -5.5384e-005 -4.5557e-005 7.1377e-005 -3.2355e-005 -1.3936e-005 2.8761e-005 -1.524e-005 -2.9305e-006 9.7761e-006 -5.9186e-006
