2.3585e-005 -4.0146e-005 -1.4746e-005 0.00015755 -0.00021086 -8.8992e-005 0.00061332 -0.00064465 -0.0002951 0.0013919 -0.0011466 -0.00054958 0.0018416 -0.0011859 -0.00058173 0.0014207 -0.00071269 -0.00035252 0.00063901 -0.00024871 -0.00012287 0.00016759 -5.0349e-005 -2.4716e-005 2.5625e-005
-4.0146e-005 -1.5652e-005 0.00017751 -0.00025218 -0.00011297 0.00082646 -0.00092205 -0.00044803 0.0022431 -0.0019614 -0.00099791 0.0035494 -0.0024261 -0.0012633 0.0032747 -0.0017438 -0.00091552 0.0017616 -0.00072776 -0.00038162 0.00055257 -0.00017619 -9.1792e-005 0.00010106 -2.4716e-005
-1.4746e-005 0.00017751 -0.00026767 -0.00012728 0.00098841 -0.0011705 -0.00060372 0.0032084 -0.0029779 -0.0016082 0.0060717 -0.0044051 -0.0024348 0.0066995 -0.0037867 -0.0021103 0.0043102 -0.0018901 -0.001052 0.001617 -0.00054723 -0.00030262 0.0003537 -9.1792e-005 -5.0349e-005
0.00015755 -0.00025218 -0.00012728 0.0010492 -0.0013188 -0.00072203 0.004073 -0.0040127 -0.0023002 0.0092184 -0.0070991 -0.004165 0.012165 -0.0072984 -0.0043174 0.0093601 -0.0043567 -0.002574 0.0041995 -0.0015086 -0.00088552 0.0010986 -0.00030262 -0.00017619 0.00016759
-0.00021086 -0.00011297 0.00098841 -0.0013188 -0.00076641 0.0045891 -0.004799 -0.0029201 0.012422 -0.010154 -0.0063235 0.019604 -0.012485 -0.0078393 0.01804 -0.0089131 -0.0055897 0.00968 -0.0036911 -0.0022998 0.0030287 -0.00088552 -0.00054723 0.00055257 -0.00012287
-8.8992e-005 0.00082646 -0.0011705 -0.00072203 0.0045891 -0.005094 -0.0032901 0.014856 -0.01289 -0.0085209 0.028041 -0.018955 -0.012634 0.03086 -0.016184 -0.010773 0.019804 -0.0080155 -0.0053012 0.0074105 -0.0022998 -0.0015086 0.001617 -0.00038162 -0.00024871
0.00061332 -0.00092205 -0.00060372 0.004073 -0.004799 -0.0032901 0.015769 -0.014524 -0.010191 0.035597 -0.025542 -0.01807 0.046853 -0.026082 -0.018429 0.035959 -0.015449 -0.010845 0.016093 -0.0053012 -0.0036911 0.0041995 -0.001052 -0.00072776 0.00063901
-0.00064465 -0.00044803 0.0032084 -0.0040127 -0.0029201 0.014856 -0.014524 -0.010817 0.040107 -0.030547 -0.02294 0.063135 -0.037305 -0.02798 0.05795 -0.026427 -0.019692 0.031016 -0.010845 -0.0080155 0.00968 -0.002574 -0.0018901 0.0017616 -0.00035252
-0.0002951 0.0022431 -0.0029779 -0.0023002 0.012422 -0.01289 -0.010191 0.040107 -0.032425 -0.025846 0.075507 -0.047358 -0.037703 0.082888 -0.040123 -0.031736 0.053057 -0.019692 -0.015449 0.019804 -0.0055897 -0.0043567 0.0043102 -0.00091552 -0.00071269
0.0013919 -0.0019614 -0.0016082 0.0092184 -0.010154 -0.0085209 0.035597 -0.030547 -0.025846 0.080148 -0.053359 -0.045092 0.10522 -0.054065 -0.045392 0.080554 -0.031736 -0.026427 0.035959 -0.010773 -0.0089131 0.0093601 -0.0021103 -0.0017438 0.0014207
-0.0011466 -0.00099791 0.0060717 -0.0070991 -0.0063235 0.028041 -0.025542 -0.02294 0.075507 -0.053359 -0.047863 0.11856 -0.06466 -0.057624 0.10855 -0.045392 -0.040123 0.05795 -0.018429 -0.016184 0.01804 -0.0043174 -0.0037867 0.0032747 -0.00058173
-0.00054958 0.0035494 -0.0044051 -0.004165 0.019604 -0.018955 -0.01807 0.063135 -0.047358 -0.045092 0.11856 -0.068635 -0.064926 0.12982 -0.057624 -0.054065 0.082888 -0.02798 -0.026082 0.03086 -0.0078393 -0.0072984 0.0066995 -0.0012633 -0.0011859
0.0018416 -0.0024261 -0.0024348 0.012165 -0.012485 -0.012634 0.046853 -0.037305 -0.037703 0.10522 -0.06466 -0.064926 0.1378 -0.064926 -0.06466 0.10522 -0.037703 -0.037305 0.046853 -0.012634 -0.012485 0.012165 -0.0024348 -0.0024261 0.0018416
-0.0011859 -0.0012633 0.0066995 -0.0072984 -0.0078393 0.03086 -0.026082 -0.02798 0.082888 -0.054065 -0.057624 0.12982 -0.064926 -0.068635 0.11856 -0.045092 -0.047358 0.063135 -0.01807 -0.018955 0.019604 -0.004165 -0.0044051 0.0035494 -0.00054958
-0.00058173 0.0032747 -0.0037867 -0.0043174 0.01804 -0.016184 -0.018429 0.05795 -0.040123 -0.045392 0.10855 -0.057624 -0.06466 0.11856 -0.047863 -0.053359 0.075507 -0.02294 -0.025542 0.028041 -0.0063235 -0.0070991 0.0060717 -0.00099791 -0.0011466
0.0014207 -0.0017438 -0.0021103 0.0093601 -0.0089131 -0.010773 0.035959 -0.026427 -0.031736 0.080554 -0.045392 -0.054065 0.10522 -0.045092 -0.053359 0.080148 -0.025846 -0.030547 0.035597 -0.0085209 -0.010154 0.0092184 -0.0016082 -0.0019614 0.0013919
-0.00071269 -0.00091552 0.0043102 -0.0043567 -0.0055897 0.019804 -0.015449 -0.019692 0.053057 -0.031736 -0.040123 0.082888 -0.037703 -0.047358 0.075507 -0.025846 -0.032425 0.040107 -0.010191 -0.01289 0.012422 -0.0023002 -0.0029779 0.0022431 -0.0002951
-0.00035252 0.0017616 -0.0018901 -0.002574 0.00968 -0.0080155 -0.010845 0.031016 -0.019692 -0.026427 0.05795 -0.02798 -0.037305 0.063135 -0.02294 -0.030547 0.040107 -0.010817 -0.014524 0.014856 -0.0029201 -0.0040127 0.0032084 -0.00044803 -0.00064465
0.00063901 -0.00072776 -0.001052 0.0041995 -0.0036911 -0.0053012 0.016093 -0.010845 -0.015449 0.035959 -0.018429 -0.026082 0.046853 -0.01807 -0.025542 0.035597 -0.010191 -0.014524 0.015769 -0.0032901 -0.004799 0.004073 -0.00060372 -0.00092205 0.00061332
-0.00024871 -0.00038162 0.001617 -0.0015086 -0.0022998 0.0074105 -0.0053012 -0.0080155 0.019804 -0.010773 -0.016184 0.03086 -0.012634 -0.018955 0.028041 -0.0085209 -0.01289 0.014856 -0.0032901 -0.005094 0.0045891 -0.00072203 -0.0011705 0.00082646 -8.8992e-005
-0.00012287 0.00055257 -0.00054723 -0.00088552 0.0030287 -0.0022998 -0.0036911 0.00968 -0.0055897 -0.0089131 0.01804 -0.0078393 -0.012485 0.019604 -0.0063235 -0.010154 0.012422 -0.0029201 -0.004799 0.0045891 -0.00076641 -0.0013188 0.00098841 -0.00011297 -0.00021086
0.00016759 -0.00017619 -0.00030262 0.0010986 -0.00088552 -0.0015086 0.0041995 -0.002574 -0.0043567 0.0093601 -0.0043174 -0.0072984 0.012165 -0.004165 -0.0070991 0.0092184 -0.0023002 -0.0040127 0.004073 -0.00072203 -0.0013188 0.0010492 -0.00012728 -0.00025218 0.00015755
-5.0349e-005 -9.1792e-005 0.0003537 -0.00030262 -0.00054723 0.001617 -0.001052 -0.0018901 0.0043102 -0.0021103 -0.0037867 0.0066995 -0.0024348 -0.0044051 0.0060717 -0.0016082 -0.0029779 0.0032084 -0.00060372 -0.0011705 0.00098841 -0.00012728 -0.00026767 0.00017751 -1.4746e-005
-2.4716e-005 0.00010106 -9.1792e-005 -0.00017619 0.00055257 -0.00038162 -0.00072776 0.0017616 -0.00091552 -0.0017438 0.0032747 -0.0012633 -0.0024261 0.0035494 -0.00099791 -0.0019614 0.0022431 -0.00044803 -0.00092205 0.00082646 -0.00011297 -0.00025218 0.00017751 -1.5652e-005 -4.0146e-005
2.5625e-005 -2.4716e-005 -5.0349e-005 0.00016759 -0.00012287 -0.00024871 0.00063901 -0.00035252 -0.00071269 0.0014207 -0.00058173 -0.0011859 0.0018416 -0.00054958 -0.0011466 0.0013919 -0.0002951 -0.00064465 0.00061332 -8.8992e-005 -0.00021086 0.00015755 -1.4746e-005 -4.0146e-005 2.3585e-005
