-0.00048688 -0.00048899 -0.00051143 -0.00057281 -0.00068178 -0.00081315 -0.00089131 -0.00080755 -0.00048376 4.6846e-005 0.00060748 0.00094543 0.0008767 0.00040914 -0.0002533 -0.00083366 -0.0011401 -0.0011481 -0.00096699 -0.00074225 -0.00057268 -0.00048611 -0.00046248 -0.000469 -0.00048201
-0.00048899 -0.00051233 -0.00058293 -0.00072022 -0.00090393 -0.0010377 -0.00095049 -0.00047596 0.00040543 0.0014549 0.0022184 0.0022578 0.0014391 5.8421e-005 -0.0013119 -0.0021563 -0.0022864 -0.0018726 -0.0012609 -0.00074686 -0.00045649 -0.00036464 -0.00038215 -0.00043031 -0.000469
-0.00051143 -0.00058293 -0.00073474 -0.00095868 -0.0011504 -0.0010808 -0.00046785 0.00082218 0.0025421 0.0040067 0.0043706 0.0031475 0.00061731 -0.0022365 -0.0042711 -0.0048329 -0.0040474 -0.0025966 -0.0012276 -0.00036895 -5.5149e-005 -8.8265e-005 -0.00024325 -0.00038215 -0.00046248
-0.00057281 -0.00072022 -0.00095868 -0.001193 -0.0011594 -0.0004616 0.0012021 0.0036725 0.0060852 0.0070813 0.0055477 0.0014722 -0.0037701 -0.0080628 -0.0097566 -0.0085737 -0.0055847 -0.0023822 -0.00014348 0.00079907 0.00078036 0.00034846 -8.8265e-005 -0.00036464 -0.00048611
-0.00068178 -0.00090393 -0.0011504 -0.0011594 -0.00045924 0.0014312 0.0045437 0.0079798 0.0098997 0.0083372 0.0025691 -0.0059247 -0.013863 -0.017923 -0.016689 -0.011362 -0.0047851 0.0003609 0.0028505 0.0030176 0.0019816 0.00078036 -5.5149e-005 -0.00045649 -0.00057268
-0.00081315 -0.0010377 -0.0010808 -0.0004616 0.0014312 0.0048727 0.0091227 0.012072 0.01088 0.0037096 -0.0084287 -0.021305 -0.029397 -0.029103 -0.020945 -0.0090933 0.0013361 0.00712 0.0080223 0.0059037 0.0030176 0.00079907 -0.00036895 -0.00074686 -0.00074225
-0.00089131 -0.00095049 -0.00046785 0.0012021 0.0045437 0.0091227 0.012892 0.012414 0.0045885 -0.010711 -0.029042 -0.042731 -0.04503 -0.034408 -0.015684 0.0029536 0.014775 0.017699 0.014067 0.0080223 0.0028505 -0.00014348 -0.0012276 -0.0012609 -0.00096699
-0.00080755 -0.00047596 0.00082218 0.0036725 0.0079798 0.012072 0.012414 0.0049205 -0.012088 -0.035005 -0.054886 -0.061591 -0.050055 -0.024139 0.0052261 0.026484 0.033749 0.028702 0.017699 0.00712 0.0003609 -0.0023822 -0.0025966 -0.0018726 -0.0011481
-0.00048376 0.00040543 0.0025421 0.0060852 0.0098997 0.01088 0.0045885 -0.012088 -0.037258 -0.062218 -0.074352 -0.064318 -0.032931 0.0078672 0.041508 0.056298 0.051089 0.033749 0.014775 0.0013361 -0.0047851 -0.0055847 -0.0040474 -0.0022864 -0.0011401
4.6846e-005 0.0014549 0.0040067 0.0070813 0.0083372 0.0037096 -0.010711 -0.035005 -0.062218 -0.079173 -0.072921 -0.039706 0.010275 0.057129 0.082504 0.079814 0.056298 0.026484 0.0029536 -0.0090933 -0.011362 -0.0085737 -0.0048329 -0.0021563 -0.00083366
0.00060748 0.0022184 0.0043706 0.0055477 0.0025691 -0.0084287 -0.029042 -0.054886 -0.074352 -0.072921 -0.042265 0.011727 0.069167 0.10639 0.10968 0.082504 0.041508 0.0052261 -0.015684 -0.020945 -0.016689 -0.0097566 -0.0042711 -0.0013119 -0.0002533
0.00094543 0.0022578 0.0031475 0.0014722 -0.0059247 -0.021305 -0.042731 -0.061591 -0.064318 -0.039706 0.011727 0.073714 0.1208 0.13269 0.10639 0.057129 0.0078672 -0.024139 -0.034408 -0.029103 -0.017923 -0.0080628 -0.0022365 5.8421e-005 0.00040914
0.0008767 0.0014391 0.00061731 -0.0037701 -0.013863 -0.029397 -0.04503 -0.050055 -0.032931 0.010275 0.069167 0.1208 0.14139 0.1208 0.069167 0.010275 -0.032931 -0.050055 -0.04503 -0.029397 -0.013863 -0.0037701 0.00061731 0.0014391 0.0008767
0.00040914 5.8421e-005 -0.0022365 -0.0080628 -0.017923 -0.029103 -0.034408 -0.024139 0.0078672 0.057129 0.10639 0.13269 0.1208 0.073714 0.011727 -0.039706 -0.064318 -0.061591 -0.042731 -0.021305 -0.0059247 0.0014722 0.0031475 0.0022578 0.00094543
-0.0002533 -0.0013119 -0.0042711 -0.0097566 -0.016689 -0.020945 -0.015684 0.0052261 0.041508 0.082504 0.10968 0.10639 0.069167 0.011727 -0.042265 -0.072921 -0.074352 -0.054886 -0.029042 -0.0084287 0.0025691 0.0055477 0.0043706 0.0022184 0.00060748
-0.00083366 -0.0021563 -0.0048329 -0.0085737 -0.011362 -0.0090933 0.0029536 0.026484 0.056298 0.079814 0.082504 0.057129 0.010275 -0.039706 -0.072921 -0.079173 -0.062218 -0.035005 -0.010711 0.0037096 0.0083372 0.0070813 0.0040067 0.0014549 4.6846e-005
-0.0011401 -0.0022864 -0.0040474 -0.0055847 -0.0047851 0.0013361 0.014775 0.033749 0.051089 0.056298 0.041508 0.0078672 -0.032931 -0.064318 -0.074352 -0.062218 -0.037258 -0.012088 0.0045885 0.01088 0.0098997 0.0060852 0.0025421 0.00040543 -0.00048376
-0.0011481 -0.0018726 -0.0025966 -0.0023822 0.0003609 0.00712 0.017699 0.028702 0.033749 0.026484 0.0052261 -0.024139 -0.050055 -0.061591 -0.054886 -0.035005 -0.012088 0.0049205 0.012414 0.012072 0.0079798 0.0036725 0.00082218 -0.00047596 -0.00080755
-0.00096699 -0.0012609 -0.0012276 -0.00014348 0.0028505 0.0080223 0.014067 0.017699 0.014775 0.0029536 -0.015684 -0.034408 -0.04503 -0.042731 -0.029042 -0.010711 0.0045885 0.012414 0.012892 0.0091227 0.0045437 0.0012021 -0.00046785 -0.00095049 -0.00089131
-0.00074225 -0.00074686 -0.00036895 0.00079907 0.0030176 0.0059037 0.0080223 0.00712 0.0013361 -0.0090933 -0.020945 -0.029103 -0.029397 -0.021305 -0.0084287 0.0037096 0.01088 0.012072 0.0091227 0.0048727 0.0014312 -0.0004616 -0.0010808 -0.0010377 -0.00081315
-0.00057268 -0.00045649 -5.5149e-005 0.00078036 0.0019816 0.0030176 0.0028505 0.0003609 -0.0047851 -0.011362 -0.016689 -0.017923 -0.013863 -0.0059247 0.0025691 0.0083372 0.0098997 0.0079798 0.0045437 0.0014312 -0.00045924 -0.0011594 -0.0011504 -0.00090393 -0.00068178
-0.00048611 -0.00036464 -8.8265e-005 0.00034846 0.00078036 0.00079907 -0.00014348 -0.0023822 -0.0055847 -0.0085737 -0.0097566 -0.0080628 -0.0037701 0.0014722 0.0055477 0.0070813 0.0060852 0.0036725 0.0012021 -0.0004616 -0.0011594 -0.001193 -0.00095868 -0.00072022 -0.00057281
-0.00046248 -0.00038215 -0.00024325 -8.8265e-005 -5.5149e-005 -0.00036895 -0.0012276 -0.0025966 -0.0040474 -0.0048329 -0.0042711 -0.0022365 0.00061731 0.0031475 0.0043706 0.0040067 0.0025421 0.00082218 -0.00046785 -0.0010808 -0.0011504 -0.00095868 -0.00073474 -0.00058293 -0.00051143
-0.000469 -0.00043031 -0.00038215 -0.00036464 -0.00045649 -0.00074686 -0.0012609 -0.0018726 -0.0022864 -0.0021563 -0.0013119 5.8421e-005 0.0014391 0.0022578 0.0022184 0.0014549 0.00040543 -0.00047596 -0.00095049 -0.0010377 -0.00090393 -0.00072022 -0.00058293 -0.00051233 -0.00048899
-0.00048201 -0.000469 -0.00046248 -0.00048611 -0.00057268 -0.00074225 -0.00096699 -0.0011481 -0.0011401 -0.00083366 -0.0002533 0.00040914 0.0008767 0.00094543 0.00060748 4.6846e-005 -0.00048376 -0.00080755 -0.00089131 -0.00081315 -0.00068178 -0.00057281 -0.00051143 -0.00048899 -0.00048688
