-0.00027765 -0.00027882 -0.000283 -0.0002919 -0.00030726 -0.00033049 -0.00036199 -0.00040041 -0.00044206 -0.00048049 -0.00050674 -0.00051028 -0.00048069 -0.00041004 -0.00029531 -0.00014046 4.2583e-005 0.00023458 0.00041132 0.00054748 0.00062122 0.0006186 0.00053656 0.00038398 0.00018024 -4.8282e-005 -0.00027305 -0.00046834 -0.00061532 -0.00070442 -0.00073567 -0.00071717 -0.00066233 -0.00058661 -0.00050457 -0.00042778 -0.00036374 -0.00031586 -0.00028417 -0.00026639 -0.00025913 -0.00025879 -0.00026227 -0.00026723 -0.00027218
-0.00027882 -0.00028299 -0.0002922 -0.00030858 -0.00033402 -0.00036942 -0.00041384 -0.00046351 -0.00051125 -0.00054633 -0.00055538 -0.00052424 -0.00044079 -0.00029838 -9.8981e-005 0.00014476 0.00040935 0.00066271 0.00086885 0.00099411 0.0010137 0.00091739 0.0007119 0.00042079 8.0347e-005 -0.0002669 -0.00057972 -0.00082513 -0.00098319 -0.0010489 -0.0010311 -0.00094846 -0.00082525 -0.0006858 -0.00055079 -0.00043477 -0.00034548 -0.00028456 -0.00024912 -0.00023374 -0.00023213 -0.00023851 -0.00024832 -0.00025847 -0.00026723
-0.000283 -0.0002922 -0.00030903 -0.00033587 -0.00037422 -0.00042364 -0.0004806 -0.00053743 -0.00058192 -0.00059785 -0.00056693 -0.00047206 -0.00030162 -5.399e-005 0.00025886 0.00060998 0.00095905 0.0012575 0.0014563 0.0015154 0.0014123 0.0011479 0.00074789 0.00025916 -0.00025816 -0.00074138 -0.0011362 -0.0014052 -0.0015331 -0.0015263 -0.0014092 -0.0012174 -0.00098967 -0.0007612 -0.00055871 -0.00039819 -0.00028526 -0.00021716 -0.00018582 -0.00018081 -0.00019188 -0.00021047 -0.0002305 -0.00024832 -0.00026227
-0.0002919 -0.00030858 -0.00033587 -0.00037588 -0.00042881 -0.00049162 -0.00055654 -0.00061026 -0.00063401 -0.00060531 -0.0005015 -0.00030479 -8.2356e-006 0.00037884 0.00082759 0.00129 0.0017036 0.0020011 0.002122 0.0020257 0.0017014 0.001173 0.00049691 -0.00024627 -0.00096612 -0.0015781 -0.0020178 -0.002251 -0.0022761 -0.0021214 -0.0018362 -0.001479 -0.001107 -0.00076652 -0.00048837 -0.00028648 -0.00016027 -9.8826e-005 -8.5814e-005 -0.00010385 -0.00013763 -0.00017562 -0.00021047 -0.00023851 -0.00025879
-0.00030726 -0.00033402 -0.00037422 -0.00042881 -0.00049543 -0.00056663 -0.00062854 -0.00066039 -0.00063588 -0.00052656 -0.00030763 3.4845e-005 0.00049648 0.0010489 0.0016379 0.0021875 0.0026094 0.0028184 0.0027488 0.0023707 0.0016998 0.00079873 -0.00023082 -0.0012649 -0.002179 -0.0028694 -0.0032708 -0.0033644 -0.0031773 -0.0027729 -0.0022354 -0.0016525 -0.0011012 -0.00063654 -0.00028854 -6.2962e-005 5.2966e-005 8.3264e-005 5.5934e-005 -2.7935e-006 -7.2031e-005 -0.00013763 -0.00019188 -0.00023213 -0.00025913
-0.00033049 -0.00036942 -0.00042364 -0.00049162 -0.00056663 -0.00063486 -0.00067432 -0.00065559 -0.00054485 -0.0003099 7.1522e-005 0.00060224 0.0012573 0.0019791 0.0026796 0.0032491 0.0035737 0.0035563 0.0031391 0.0023209 0.0011637 -0.00021167 -0.0016443 -0.0029599 -0.0040017 -0.0046575 -0.0048772 -0.0046774 -0.0041326 -0.0033567 -0.0024785 -0.0016184 -0.00087034 -0.00029185 9.6951e-005 0.00030748 0.00037248 0.00033475 0.00023719 0.00011601 -2.7935e-006 -0.00010385 -0.00018081 -0.00023374 -0.00026639
-0.00036199 -0.00041384 -0.0004806 -0.00055654 -0.00062854 -0.00067432 -0.0006624 -0.00055451 -0.00031137 9.8289e-005 0.00068646 0.0014346 0.0022858 0.0031429 0.0038764 0.0043418 0.0044053 0.0039725 0.0030144 0.0015827 -0.0001891 -0.002103 -0.0039277 -0.0054391 -0.0064596 -0.0068887 -0.0067171 -0.0060227 -0.0049497 -0.0036773 -0.0023853 -0.0012243 -0.00029696 0.00034926 0.00071733 0.00084776 0.00080224 0.00064771 0.00044414 0.00023719 5.5934e-005 -8.5814e-005 -0.00018582 -0.00024912 -0.00028417
-0.00040041 -0.00046351 -0.00053743 -0.00061026 -0.00066039 -0.00065559 -0.00055451 -0.00031187 0.00011242 0.00074078 0.0015641 0.0025301 0.0035374 0.0044403 0.0050651 0.0052379 0.0048201 0.0037436 0.0020371 -0.00016389 -0.0026296 -0.0050686 -0.0071773 -0.0086933 -0.0094423 -0.0093678 -0.0085358 -0.0071159 -0.0053439 -0.0034747 -0.001738 -0.00030455 0.00073125 0.0013508 0.0015977 0.0015551 0.0013223 0.0009943 0.00064771 0.00033475 8.3264e-005 -9.8826e-005 -0.00021716 -0.00028456 -0.00031586
-0.00044206 -0.00051125 -0.00058192 -0.00063401 -0.00063588 -0.00054485 -0.00031137 0.00011242 0.00075955 0.0016325 0.0026876 0.0038253 0.0048893 0.0056808 0.0059863 0.0056181 0.0044586 0.0024993 -0.00013739 -0.0032007 -0.0063427 -0.0091728 -0.011326 -0.01253 -0.012653 -0.011726 -0.009931 -0.0075597 -0.0049561 -0.0024522 -0.00031532 0.0012857 0.00229 0.002733 0.0027187 0.0023867 0.0018803 0.0013223 0.00080224 0.00037248 5.2966e-005 -0.00016027 -0.00028526 -0.00034548 -0.00036374
-0.00048049 -0.00054633 -0.00059785 -0.00060531 -0.00052656 -0.0003099 9.8289e-005 0.00074078 0.0016325 0.0027421 0.0039772 0.0051789 0.0061302 0.0065823 0.0062975 0.0051015 0.0029345 -0.0001114 -0.0037815 -0.0076823 -0.011337 -0.014266 -0.016075 -0.016526 -0.015584 -0.01342 -0.010373 -0.0068813 -0.0034018 -0.00032997 0.0020564 0.0036243 0.0043808 0.0044438 0.0039982 0.0032497 0.0023867 0.0015551 0.00084776 0.00030748 -6.2962e-005 -0.00028648 -0.00039819 -0.00043477 -0.00042778
-0.00050674 -0.00055538 -0.00056693 -0.0005015 -0.00030763 7.1522e-005 0.00068646 0.0015641 0.0026876 0.0039772 0.005279 0.0063674 0.0069667 0.0067933 0.0056133 0.0033049 -8.8032e-005 -0.0043285 -0.0089959 -0.013538 -0.017358 -0.01992 -0.020851 -0.020013 -0.017533 -0.013774 -0.0092674 -0.0046073 -0.00034901 0.0030812 0.0054386 0.0066715 0.0068946 0.0063371 0.0052799 0.0039982 0.0027187 0.0015977 0.00071733 9.6951e-005 -0.00028854 -0.00048837 -0.00055871 -0.00055079 -0.00050457
-0.00051028 -0.00052424 -0.00047206 -0.00030479 3.4845e-005 0.00060224 0.0014346 0.0025301 0.0038253 0.0051789 0.0063674 0.0070995 0.0070551 0.0059435 0.0035753 -6.9428e-005 -0.0047941 -0.010177 -0.01561 -0.02039 -0.02383 -0.025398 -0.024817 -0.022126 -0.01768 -0.01208 -0.006065 -0.00037261 0.0043822 0.0077964 0.0097173 0.010227 0.0095885 0.0081642 0.0063371 0.0044438 0.002733 0.0013508 0.00034926 -0.00029185 -0.00063654 -0.00076652 -0.0007612 -0.0006858 -0.00058661
-0.00048069 -0.00044079 -0.00030162 -8.2356e-006 0.00049648 0.0012573 0.0022858 0.0035374 0.0048893 0.0061302 0.0069667 0.0070551 0.0060576 0.003718 -5.7427e-005 -0.0051339 -0.011117 -0.017375 -0.023115 -0.027512 -0.029857 -0.029702 -0.026955 -0.021915 -0.015221 -0.0077385 -0.00040043 0.0059553 0.010719 0.013584 0.014558 0.013912 0.012086 0.0095885 0.0068946 0.0043808 0.00229 0.00073125 -0.00029696 -0.00087034 -0.0011012 -0.001107 -0.00098967 -0.00082525 -0.00066233
-0.00041004 -0.00029838 -5.399e-005 0.00037884 0.0010489 0.0019791 0.0031429 0.0044403 0.0056808 0.0065823 0.0067933 0.0059435 0.003718 -5.328e-005 -0.0053132 -0.011724 -0.018662 -0.025285 -0.030646 -0.033866 -0.034302 -0.031691 -0.026222 -0.018524 -0.0095536 -0.00043149 0.0077614 0.014164 0.018259 0.019926 0.0194 0.017183 0.013912 0.010227 0.0066715 0.0036243 0.0012857 -0.00030455 -0.0012243 -0.0016184 -0.0016525 -0.001479 -0.0012174 -0.00094846 -0.00071717
-0.00029531 -9.8981e-005 0.00025886 0.00082759 0.0016379 0.0026796 0.0038764 0.0050651 0.0059863 0.0062975 0.0056133 0.0035753 -5.7427e-005 -0.0053132 -0.011933 -0.019342 -0.026685 -0.032934 -0.037058 -0.038218 -0.035948 -0.030278 -0.021762 -0.011399 -0.00046415 0.0097202 0.01801 0.023627 0.026253 0.026036 0.0235 0.0194 0.014558 0.0097173 0.0054386 0.0020564 -0.00031532 -0.001738 -0.0023853 -0.0024785 -0.0022354 -0.0018362 -0.0014092 -0.0010311 -0.00073567
-0.00014046 0.00014476 0.00060998 0.00129 0.0021875 0.0032491 0.0043418 0.0052379 0.0056181 0.0051015 0.0033049 -6.9428e-005 -0.0051339 -0.011724 -0.019342 -0.027169 -0.034141 -0.039117 -0.041076 -0.039338 -0.033731 -0.024674 -0.013137 -0.00049618 0.011712 0.022055 0.029449 0.033319 0.033655 0.030947 0.026036 0.019926 0.013584 0.0077964 0.0030812 -0.00032997 -0.0024522 -0.0034747 -0.0036773 -0.0033567 -0.0027729 -0.0021214 -0.0015263 -0.0010489 -0.00070442
4.2583e-005 0.00040935 0.00095905 0.0017036 0.0026094 0.0035737 0.0044053 0.0048201 0.0044586 0.0029345 -8.8032e-005 -0.0047941 -0.011117 -0.018662 -0.026685 -0.034141 -0.039828 -0.042584 -0.041524 -0.036251 -0.026992 -0.014617 -0.00052497 0.013588 0.026022 0.03537 0.040749 0.041919 0.039262 0.033655 0.026253 0.018259 0.010719 0.0043822 -0.00034901 -0.0034018 -0.0049561 -0.0053439 -0.0049497 -0.0041326 -0.0031773 -0.0022761 -0.0015331 -0.00098319 -0.00061532
0.00023458 0.00066271 0.0012575 0.0020011 0.0028184 0.0035563 0.0039725 0.0037436 0.0024993 -0.0001114 -0.0043285 -0.010177 -0.017375 -0.025285 -0.032934 -0.039117 -0.042584 -0.04228 -0.037581 -0.028487 -0.015697 -0.00054789 0.015185 0.029587 0.040944 0.048034 0.050322 0.048006 0.041919 0.033319 0.023627 0.014164 0.0059553 -0.00037261 -0.0046073 -0.0068813 -0.0075597 -0.0071159 -0.0060227 -0.0046774 -0.0033644 -0.002251 -0.0014052 -0.00082513 -0.00046834
0.00041132 0.00086885 0.0014563 0.002122 0.0027488 0.0031391 0.0030144 0.0020371 -0.00013739 -0.0037815 -0.0089959 -0.01561 -0.023115 -0.030646 -0.037058 -0.041076 -0.041524 -0.037581 -0.029004 -0.016267 -0.00056268 0.01635 0.032426 0.04569 0.054584 0.058235 0.05658 0.050322 0.040749 0.029449 0.01801 0.0077614 -0.00040043 -0.006065 -0.0092674 -0.010373 -0.009931 -0.0085358 -0.0067171 -0.0048772 -0.0032708 -0.0020178 -0.0011362 -0.00057972 -0.00027305
0.00054748 0.00099411 0.0015154 0.0020257 0.0023707 0.0023209 0.0015827 -0.00016389 -0.0032007 -0.0076823 -0.013538 -0.02039 -0.027512 -0.033866 -0.038218 -0.039338 -0.036251 -0.028487 -0.016267 -0.00056779 0.016965 0.034258 0.049154 0.059799 0.064971 0.064288 0.058235 0.048034 0.03537 0.022055 0.0097202 -0.00043149 -0.0077385 -0.01208 -0.013774 -0.01342 -0.011726 -0.0093678 -0.0068887 -0.0046575 -0.0028694 -0.0015781 -0.00074138 -0.0002669 -4.8282e-005
0.00062122 0.0010137 0.0014123 0.0017014 0.0016998 0.0011637 -0.0001891 -0.0026296 -0.0063427 -0.011337 -0.017358 -0.02383 -0.029857 -0.034302 -0.035948 -0.033731 -0.026992 -0.015697 -0.00056268 0.016965 0.034891 0.050982 0.063163 0.069888 0.070425 0.064971 0.054584 0.040944 0.026022 0.011712 -0.00046415 -0.0095536 -0.015221 -0.01768 -0.017533 -0.015584 -0.012653 -0.0094423 -0.0064596 -0.0040017 -0.002179 -0.00096612 -0.00025816 8.0347e-005 0.00018024
0.0006186 0.00091739 0.0011479 0.001173 0.00079873 -0.00021167 -0.002103 -0.0050686 -0.0091728 -0.014266 -0.01992 -0.025398 -0.029702 -0.031691 -0.030278 -0.024674 -0.014617 -0.00054789 0.01635 0.034258 0.050982 0.064325 0.072483 0.074384 0.069888 0.059799 0.04569 0.029587 0.013588 -0.00049618 -0.011399 -0.018524 -0.021915 -0.022126 -0.020013 -0.016526 -0.01253 -0.0086933 -0.0054391 -0.0029599 -0.0012649 -0.00024627 0.00025916 0.00042079 0.00038398
0.00053656 0.0007119 0.00074789 0.00049691 -0.00023082 -0.0016443 -0.0039277 -0.0071773 -0.011326 -0.016075 -0.020851 -0.024817 -0.026955 -0.026222 -0.021762 -0.013137 -0.00052497 0.015185 0.032426 0.049154 0.063163 0.072483 0.075752 0.072483 0.063163 0.049154 0.032426 0.015185 -0.00052497 -0.013137 -0.021762 -0.026222 -0.026955 -0.024817 -0.020851 -0.016075 -0.011326 -0.0071773 -0.0039277 -0.0016443 -0.00023082 0.00049691 0.00074789 0.0007119 0.00053656
0.00038398 0.00042079 0.00025916 -0.00024627 -0.0012649 -0.0029599 -0.0054391 -0.0086933 -0.01253 -0.016526 -0.020013 -0.022126 -0.021915 -0.018524 -0.011399 -0.00049618 0.013588 0.029587 0.04569 0.059799 0.069888 0.074384 0.072483 0.064325 0.050982 0.034258 0.01635 -0.00054789 -0.014617 -0.024674 -0.030278 -0.031691 -0.029702 -0.025398 -0.01992 -0.014266 -0.0091728 -0.0050686 -0.002103 -0.00021167 0.00079873 0.001173 0.0011479 0.00091739 0.0006186
0.00018024 8.0347e-005 -0.00025816 -0.00096612 -0.002179 -0.0040017 -0.0064596 -0.0094423 -0.012653 -0.015584 -0.017533 -0.01768 -0.015221 -0.0095536 -0.00046415 0.011712 0.026022 0.040944 0.054584 0.064971 0.070425 0.069888 0.063163 0.050982 0.034891 0.016965 -0.00056268 -0.015697 -0.026992 -0.033731 -0.035948 -0.034302 -0.029857 -0.02383 -0.017358 -0.011337 -0.0063427 -0.0026296 -0.0001891 0.0011637 0.0016998 0.0017014 0.0014123 0.0010137 0.00062122
-4.8282e-005 -0.0002669 -0.00074138 -0.0015781 -0.0028694 -0.0046575 -0.0068887 -0.0093678 -0.011726 -0.01342 -0.013774 -0.01208 -0.0077385 -0.00043149 0.0097202 0.022055 0.03537 0.048034 0.058235 0.064288 0.064971 0.059799 0.049154 0.034258 0.016965 -0.00056779 -0.016267 -0.028487 -0.036251 -0.039338 -0.038218 -0.033866 -0.027512 -0.02039 -0.013538 -0.0076823 -0.0032007 -0.00016389 0.0015827 0.0023209 0.0023707 0.0020257 0.0015154 0.00099411 0.00054748
-0.00027305 -0.00057972 -0.0011362 -0.0020178 -0.0032708 -0.0048772 -0.0067171 -0.0085358 -0.009931 -0.010373 -0.0092674 -0.006065 -0.00040043 0.0077614 0.01801 0.029449 0.040749 0.050322 0.05658 0.058235 0.054584 0.04569 0.032426 0.01635 -0.00056268 -0.016267 -0.029004 -0.037581 -0.041524 -0.041076 -0.037058 -0.030646 -0.023115 -0.01561 -0.0089959 -0.0037815 -0.00013739 0.0020371 0.0030144 0.0031391 0.0027488 0.002122 0.0014563 0.00086885 0.00041132
-0.00046834 -0.00082513 -0.0014052 -0.002251 -0.0033644 -0.0046774 -0.0060227 -0.0071159 -0.0075597 -0.0068813 -0.0046073 -0.00037261 0.0059553 0.014164 0.023627 0.033319 0.041919 0.048006 0.050322 0.048034 0.040944 0.029587 0.015185 -0.00054789 -0.015697 -0.028487 -0.037581 -0.04228 -0.042584 -0.039117 -0.032934 -0.025285 -0.017375 -0.010177 -0.0043285 -0.0001114 0.0024993 0.0037436 0.0039725 0.0035563 0.0028184 0.0020011 0.0012575 0.00066271 0.00023458
-0.00061532 -0.00098319 -0.0015331 -0.0022761 -0.0031773 -0.0041326 -0.0049497 -0.0053439 -0.0049561 -0.0034018 -0.00034901 0.0043822 0.010719 0.018259 0.026253 0.033655 0.039262 0.041919 0.040749 0.03537 0.026022 0.013588 -0.00052497 -0.014617 -0.026992 -0.036251 -0.041524 -0.042584 -0.039828 -0.034141 -0.026685 -0.018662 -0.011117 -0.0047941 -8.8032e-005 0.0029345 0.0044586 0.0048201 0.0044053 0.0035737 0.0026094 0.0017036 0.00095905 0.00040935 4.2583e-005
-0.00070442 -0.0010489 -0.0015263 -0.0021214 -0.0027729 -0.0033567 -0.0036773 -0.0034747 -0.0024522 -0.00032997 0.0030812 0.0077964 0.013584 0.019926 0.026036 0.030947 0.033655 0.033319 0.029449 0.022055 0.011712 -0.00049618 -0.013137 -0.024674 -0.033731 -0.039338 -0.041076 -0.039117 -0.034141 -0.027169 -0.019342 -0.011724 -0.0051339 -6.9428e-005 0.0033049 0.0051015 0.0056181 0.0052379 0.0043418 0.0032491 0.0021875 0.00129 0.00060998 0.00014476 -0.00014046
-0.00073567 -0.0010311 -0.0014092 -0.0018362 -0.0022354 -0.0024785 -0.0023853 -0.001738 -0.00031532 0.0020564 0.0054386 0.0097173 0.014558 0.0194 0.0235 0.026036 0.026253 0.023627 0.01801 0.0097202 -0.00046415 -0.011399 -0.021762 -0.030278 -0.035948 -0.038218 -0.037058 -0.032934 -0.026685 -0.019342 -0.011933 -0.0053132 -5.7427e-005 0.0035753 0.0056133 0.0062975 0.0059863 0.0050651 0.0038764 0.0026796 0.0016379 0.00082759 0.00025886 -9.8981e-005 -0.00029531
-0.00071717 -0.00094846 -0.0012174 -0.001479 -0.0016525 -0.0016184 -0.0012243 -0.00030455 0.0012857 0.0036243 0.0066715 0.010227 0.013912 0.017183 0.0194 0.019926 0.018259 0.014164 0.0077614 -0.00043149 -0.0095536 -0.018524 -0.026222 -0.031691 -0.034302 -0.033866 -0.030646 -0.025285 -0.018662 -0.011724 -0.0053132 -5.328e-005 0.003718 0.0059435 0.0067933 0.0065823 0.0056808 0.0044403 0.0031429 0.0019791 0.0010489 0.00037884 -5.399e-005 -0.00029838 -0.00041004
-0.00066233 -0.00082525 -0.00098967 -0.001107 -0.0011012 -0.00087034 -0.00029696 0.00073125 0.00229 0.0043808 0.0068946 0.0095885 0.012086 0.013912 0.014558 0.013584 0.010719 0.0059553 -0.00040043 -0.0077385 -0.015221 -0.021915 -0.026955 -0.029702 -0.029857 -0.027512 -0.023115 -0.017375 -0.011117 -0.0051339 -5.7427e-005 0.003718 0.0060576 0.0070551 0.0069667 0.0061302 0.0048893 0.0035374 0.0022858 0.0012573 0.00049648 -8.2356e-006 -0.00030162 -0.00044079 -0.00048069
-0.00058661 -0.0006858 -0.0007612 -0.00076652 -0.00063654 -0.00029185 0.00034926 0.0013508 0.002733 0.0044438 0.0063371 0.0081642 0.0095885 0.010227 0.0097173 0.0077964 0.0043822 -0.00037261 -0.006065 -0.01208 -0.01768 -0.022126 -0.024817 -0.025398 -0.02383 -0.02039 -0.01561 -0.010177 -0.0047941 -6.9428e-005 0.0035753 0.0059435 0.0070551 0.0070995 0.0063674 0.0051789 0.0038253 0.0025301 0.0014346 0.00060224 3.4845e-005 -0.00030479 -0.00047206 -0.00052424 -0.00051028
-0.00050457 -0.00055079 -0.00055871 -0.00048837 -0.00028854 9.6951e-005 0.00071733 0.0015977 0.0027187 0.0039982 0.0052799 0.0063371 0.0068946 0.0066715 0.0054386 0.0030812 -0.00034901 -0.0046073 -0.0092674 -0.013774 -0.017533 -0.020013 -0.020851 -0.01992 -0.017358 -0.013538 -0.0089959 -0.0043285 -8.8032e-005 0.0033049 0.0056133 0.0067933 0.0069667 0.0063674 0.005279 0.0039772 0.0026876 0.0015641 0.00068646 7.1522e-005 -0.00030763 -0.0005015 -0.00056693 -0.00055538 -0.00050674
-0.00042778 -0.00043477 -0.00039819 -0.00028648 -6.2962e-005 0.00030748 0.00084776 0.0015551 0.0023867 0.0032497 0.0039982 0.0044438 0.0043808 0.0036243 0.0020564 -0.00032997 -0.0034018 -0.0068813 -0.010373 -0.01342 -0.015584 -0.016526 -0.016075 -0.014266 -0.011337 -0.0076823 -0.0037815 -0.0001114 0.0029345 0.0051015 0.0062975 0.0065823 0.0061302 0.0051789 0.0039772 0.0027421 0.0016325 0.00074078 9.8289e-005 -0.0003099 -0.00052656 -0.00060531 -0.00059785 -0.00054633 -0.00048049
-0.00036374 -0.00034548 -0.00028526 -0.00016027 5.2966e-005 0.00037248 0.00080224 0.0013223 0.0018803 0.0023867 0.0027187 0.002733 0.00229 0.0012857 -0.00031532 -0.0024522 -0.0049561 -0.0075597 -0.009931 -0.011726 -0.012653 -0.01253 -0.011326 -0.0091728 -0.0063427 -0.0032007 -0.00013739 0.0024993 0.0044586 0.0056181 0.0059863 0.0056808 0.0048893 0.0038253 0.0026876 0.0016325 0.00075955 0.00011242 -0.00031137 -0.00054485 -0.00063588 -0.00063401 -0.00058192 -0.00051125 -0.00044206
-0.00031586 -0.00028456 -0.00021716 -9.8826e-005 8.3264e-005 0.00033475 0.00064771 0.0009943 0.0013223 0.0015551 0.0015977 0.0013508 0.00073125 -0.00030455 -0.001738 -0.0034747 -0.0053439 -0.0071159 -0.0085358 -0.0093678 -0.0094423 -0.0086933 -0.0071773 -0.0050686 -0.0026296 -0.00016389 0.0020371 0.0037436 0.0048201 0.0052379 0.0050651 0.0044403 0.0035374 0.0025301 0.0015641 0.00074078 0.00011242 -0.00031187 -0.00055451 -0.00065559 -0.00066039 -0.00061026 -0.00053743 -0.00046351 -0.00040041
-0.00028417 -0.00024912 -0.00018582 -8.5814e-005 5.5934e-005 0.00023719 0.00044414 0.00064771 0.00080224 0.00084776 0.00071733 0.00034926 -0.00029696 -0.0012243 -0.0023853 -0.0036773 -0.0049497 -0.0060227 -0.0067171 -0.0068887 -0.0064596 -0.0054391 -0.0039277 -0.002103 -0.0001891 0.0015827 0.0030144 0.0039725 0.0044053 0.0043418 0.0038764 0.0031429 0.0022858 0.0014346 0.00068646 9.8289e-005 -0.00031137 -0.00055451 -0.0006624 -0.00067432 -0.00062854 -0.00055654 -0.0004806 -0.00041384 -0.00036199
-0.00026639 -0.00023374 -0.00018081 -0.00010385 -2.7935e-006 0.00011601 0.00023719 0.00033475 0.00037248 0.00030748 9.6951e-005 -0.00029185 -0.00087034 -0.0016184 -0.0024785 -0.0033567 -0.0041326 -0.0046774 -0.0048772 -0.0046575 -0.0040017 -0.0029599 -0.0016443 -0.00021167 0.0011637 0.0023209 0.0031391 0.0035563 0.0035737 0.0032491 0.0026796 0.0019791 0.0012573 0.00060224 7.1522e-005 -0.0003099 -0.00054485 -0.00065559 -0.00067432 -0.00063486 -0.00056663 -0.00049162 -0.00042364 -0.00036942 -0.00033049
-0.00025913 -0.00023213 -0.00019188 -0.00013763 -7.2031e-005 -2.7935e-006 5.5934e-005 8.3264e-005 5.2966e-005 -6.2962e-005 -0.00028854 -0.00063654 -0.0011012 -0.0016525 -0.0022354 -0.0027729 -0.0031773 -0.0033644 -0.0032708 -0.0028694 -0.002179 -0.0012649 -0.00023082 0.00079873 0.0016998 0.0023707 0.0027488 0.0028184 0.0026094 0.0021875 0.0016379 0.0010489 0.00049648 3.4845e-005 -0.00030763 -0.00052656 -0.00063588 -0.00066039 -0.00062854 -0.00056663 -0.00049543 -0.00042881 -0.00037422 -0.00033402 -0.00030726
-0.00025879 -0.00023851 -0.00021047 -0.00017562 -0.00013763 -0.00010385 -8.5814e-005 -9.8826e-005 -0.00016027 -0.00028648 -0.00048837 -0.00076652 -0.001107 -0.001479 -0.0018362 -0.0021214 -0.0022761 -0.002251 -0.0020178 -0.0015781 -0.00096612 -0.00024627 0.00049691 0.001173 0.0017014 0.0020257 0.002122 0.0020011 0.0017036 0.00129 0.00082759 0.00037884 -8.2356e-006 -0.00030479 -0.0005015 -0.00060531 -0.00063401 -0.00061026 -0.00055654 -0.00049162 -0.00042881 -0.00037588 -0.00033587 -0.00030858 -0.0002919
-0.00026227 -0.00024832 -0.0002305 -0.00021047 -0.00019188 -0.00018081 -0.00018582 -0.00021716 -0.00028526 -0.00039819 -0.00055871 -0.0007612 -0.00098967 -0.0012174 -0.0014092 -0.0015263 -0.0015331 -0.0014052 -0.0011362 -0.00074138 -0.00025816 0.00025916 0.00074789 0.0011479 0.0014123 0.0015154 0.0014563 0.0012575 0.00095905 0.00060998 0.00025886 -5.399e-005 -0.00030162 -0.00047206 -0.00056693 -0.00059785 -0.00058192 -0.00053743 -0.0004806 -0.00042364 -0.00037422 -0.00033587 -0.00030903 -0.0002922 -0.000283
-0.00026723 -0.00025847 -0.00024832 -0.00023851 -0.00023213 -0.00023374 -0.00024912 -0.00028456 -0.00034548 -0.00043477 -0.00055079 -0.0006858 -0.00082525 -0.00094846 -0.0010311 -0.0010489 -0.00098319 -0.00082513 -0.00057972 -0.0002669 8.0347e-005 0.00042079 0.0007119 0.00091739 0.0010137 0.00099411 0.00086885 0.00066271 0.00040935 0.00014476 -9.8981e-005 -0.00029838 -0.00044079 -0.00052424 -0.00055538 -0.00054633 -0.00051125 -0.00046351 -0.00041384 -0.00036942 -0.00033402 -0.00030858 -0.0002922 -0.00028299 -0.00027882
-0.00027218 -0.00026723 -0.00026227 -0.00025879 -0.00025913 -0.00026639 -0.00028417 -0.00031586 -0.00036374 -0.00042778 -0.00050457 -0.00058661 -0.00066233 -0.00071717 -0.00073567 -0.00070442 -0.00061532 -0.00046834 -0.00027305 -4.8282e-005 0.00018024 0.00038398 0.00053656 0.0006186 0.00062122 0.00054748 0.00041132 0.00023458 4.2583e-005 -0.00014046 -0.00029531 -0.00041004 -0.00048069 -0.00051028 -0.00050674 -0.00048049 -0.00044206 -0.00040041 -0.00036199 -0.00033049 -0.00030726 -0.0002919 -0.000283 -0.00027882 -0.00027765
