6.4967e-005 -7.1364e-005 -0.00023886 0.00072877 -0.00025949 -0.0016444 0.0024762 0.00015841 -0.0033271 0.0025153 0.00080548 -0.0020265 0.0007382 0.0003834 -0.00037513 5.6842e-005 4.5682e-005
-7.1364e-005 0.00042702 -0.00041312 -0.0012203 0.0032851 -0.0010315 -0.0057668 0.0076603 0.00043237 -0.0080079 0.0053402 0.0015085 -0.0033474 0.0010756 0.00049279 -0.00042528 5.6842e-005
-0.00023886 -0.00041312 0.0021823 -0.0018619 -0.0048517 0.011521 -0.0031908 -0.015736 0.018438 0.00091801 -0.014996 0.0088213 0.002198 -0.0043023 0.0012195 0.00049279 -0.00037513
0.00072877 -0.0012203 -0.0018619 0.0086769 -0.0065296 -0.015008 0.031437 -0.0076798 -0.033408 0.034528 0.0015165 -0.021851 0.011338 0.0024919 -0.0043023 0.0010756 0.0003834
-0.00025949 0.0032851 -0.0048517 -0.0065296 0.026842 -0.017817 -0.036124 0.066743 -0.014382 -0.055185 0.05031 0.0019491 -0.024772 0.011338 0.002198 -0.0033474 0.0007382
-0.0016444 -0.0010315 0.011521 -0.015008 -0.017817 0.064605 -0.037826 -0.067649 0.11025 -0.020955 -0.070927 0.057036 0.0019491 -0.021851 0.0088213 0.0015085 -0.0020265
0.0024762 -0.0057668 -0.0031908 0.031437 -0.036124 -0.037826 0.12099 -0.062484 -0.098569 0.1417 -0.023757 -0.070927 0.05031 0.0015165 -0.014996 0.0053402 0.00080548
0.00015841 0.0076603 -0.015736 -0.0076798 0.066743 -0.067649 -0.062484 0.17629 -0.080308 -0.11175 0.1417 -0.020955 -0.055185 0.034528 0.00091801 -0.0080079 0.0025153
-0.0033271 0.00043237 0.018438 -0.033408 -0.014382 0.11025 -0.098569 -0.080308 0.19985 -0.080308 -0.098569 0.11025 -0.014382 -0.033408 0.018438 0.00043237 -0.0033271
0.0025153 -0.0080079 0.00091801 0.034528 -0.055185 -0.020955 0.1417 -0.11175 -0.080308 0.17629 -0.062484 -0.067649 0.066743 -0.0076798 -0.015736 0.0076603 0.00015841
0.00080548 0.0053402 -0.014996 0.0015165 0.05031 -0.070927 -0.023757 0.1417 -0.098569 -0.062484 0.12099 -0.037826 -0.036124 0.031437 -0.0031908 -0.0057668 0.0024762
-0.0020265 0.0015085 0.0088213 -0.021851 0.0019491 0.057036 -0.070927 -0.020955 0.11025 -0.067649 -0.037826 0.064605 -0.017817 -0.015008 0.011521 -0.0010315 -0.0016444
0.0007382 -0.0033474 0.002198 0.011338 -0.024772 0.0019491 0.05031 -0.055185 -0.014382 0.066743 -0.036124 -0.017817 0.026842 -0.0065296 -0.0048517 0.0032851 -0.00025949
0.0003834 0.0010756 -0.0043023 0.0024919 0.011338 -0.021851 0.0015165 0.034528 -0.033408 -0.0076798 0.031437 -0.015008 -0.0065296 0.0086769 -0.0018619 -0.0012203 0.00072877
-0.00037513 0.00049279 0.0012195 -0.0043023 0.002198 0.0088213 -0.014996 0.00091801 0.018438 -0.015736 -0.0031908 0.011521 -0.0048517 -0.0018619 0.0021823 -0.00041312 -0.00023886
5.6842e-005 -0.00042528 0.00049279 0.0010756 -0.0033474 0.0015085 0.0053402 -0.0080079 0.00043237 0.0076603 -0.0057668 -0.0010315 0.0032851 -0.0012203 -0.00041312 0.00042702 -7.1364e-005
4.5682e-005 5.6842e-005 -0.00037513 0.0003834 0.0007382 -0.0020265 0.00080548 0.0025153 -0.0033271 0.00015841 0.0024762 -0.0016444 -0.00025949 0.00072877 -0.00023886 -7.1364e-005 6.4967e-005
