-5.5137e-006 3.5079e-005 -1.5039e-005 -0.00025425 0.00047304 0.00029559 -0.0013913 0.00070176 0.0009203 -0.00096361 2.6663e-005 0.00026586 -8.2466e-005 -1.3498e-005 9.3153e-006
3.5079e-005 -1.8527e-005 -0.00038597 0.00088477 0.00068121 -0.0039504 0.002455 0.0039668 -0.0051174 0.00017452 0.0021434 -0.00081904 -0.00016509 0.0001406 -1.3498e-005
-1.5039e-005 -0.00038597 0.0010901 0.0010341 -0.0073888 0.0056576 0.011263 -0.017902 0.00075226 0.011383 -0.0053592 -0.0013308 0.0013967 -0.00016509 -8.2466e-005
-0.00025425 0.00088477 0.0010341 -0.0091037 0.0085886 0.021066 -0.041256 0.0021359 0.039822 -0.023099 -0.0070676 0.0091391 -0.0013308 -0.00081904 0.00026586
0.00047304 0.00068121 -0.0073888 0.0085886 0.025956 -0.062629 0.0039951 0.09177 -0.065587 -0.024725 0.039392 -0.0070676 -0.0053592 0.0021434 2.6663e-005
0.00029559 -0.0039504 0.0056576 0.021066 -0.062629 0.0049223 0.13931 -0.12267 -0.056978 0.11185 -0.024725 -0.023099 0.011383 0.00017452 -0.00096361
-0.0013913 0.002455 0.011263 -0.041256 0.0039951 0.13931 -0.15115 -0.086496 0.2092 -0.056978 -0.065587 0.039822 0.00075226 -0.0051174 0.0009203
0.00070176 0.0039668 -0.017902 0.0021359 0.09177 -0.12267 -0.086496 0.25775 -0.086496 -0.12267 0.09177 0.0021359 -0.017902 0.0039668 0.00070176
0.0009203 -0.0051174 0.00075226 0.039822 -0.065587 -0.056978 0.2092 -0.086496 -0.15115 0.13931 0.0039951 -0.041256 0.011263 0.002455 -0.0013913
-0.00096361 0.00017452 0.011383 -0.023099 -0.024725 0.11185 -0.056978 -0.12267 0.13931 0.0049223 -0.062629 0.021066 0.0056576 -0.0039504 0.00029559
2.6663e-005 0.0021434 -0.0053592 -0.0070676 0.039392 -0.024725 -0.065587 0.09177 0.0039951 -0.062629 0.025956 0.0085886 -0.0073888 0.00068121 0.00047304
0.00026586 -0.00081904 -0.0013308 0.0091391 -0.0070676 -0.023099 0.039822 0.0021359 -0.041256 0.021066 0.0085886 -0.0091037 0.0010341 0.00088477 -0.00025425
-8.2466e-005 -0.00016509 0.0013967 -0.0013308 -0.0053592 0.011383 0.00075226 -0.017902 0.011263 0.0056576 -0.0073888 0.0010341 0.0010901 -0.00038597 -1.5039e-005
-1.3498e-005 0.0001406 -0.00016509 -0.00081904 0.0021434 0.00017452 -0.0051174 0.0039668 0.002455 -0.0039504 0.00068121 0.00088477 -0.00038597 -1.8527e-005 3.5079e-005
9.3153e-006 -1.3498e-005 -8.2466e-005 0.00026586 2.6663e-005 -0.00096361 0.0009203 0.00070176 -0.0013913 0.00029559 0.00047304 -0.00025425 -1.5039e-005 3.5079e-005 -5.5137e-006
