-0.00047506 -0.00034189 -0.00082305 -0.0019415 0.0014941 0.00048166 -0.0011489 -0.00050255 -0.00046231
-0.00034189 -0.0011363 -0.0057959 0.01317 0.012175 -0.017367 -0.0016889 0.00088837 -0.00050255
-0.00082305 -0.0057959 0.025533 0.04548 -0.11741 -0.016464 0.033863 -0.0016889 -0.0011489
-0.0019415 0.01317 0.04548 -0.22333 -0.058546 0.23726 -0.016464 -0.017367 0.00048166
0.0014941 0.012175 -0.11741 -0.058546 0.45262 -0.058546 -0.11741 0.012175 0.0014941
0.00048166 -0.017367 -0.016464 0.23726 -0.058546 -0.22333 0.04548 0.01317 -0.0019415
-0.0011489 -0.0016889 0.033863 -0.016464 -0.11741 0.04548 0.025533 -0.0057959 -0.00082305
-0.00050255 0.00088837 -0.0016889 -0.017367 0.012175 0.01317 -0.0057959 -0.0011363 -0.00034189
-0.00046231 -0.00050255 -0.0011489 0.00048166 0.0014941 -0.0019415 -0.00082305 -0.00034189 -0.00047506
