-0.00098264 -0.0012391 -0.0018099 -0.001662 0.0006858 0.0034947 0.002531 -0.0016153 -0.003798 -0.0027008 -0.0012003 -0.00078443 -0.00088468
-0.0012391 -0.0020142 -0.0020392 0.0022451 0.0098168 0.0095785 -0.0033603 -0.014142 -0.010997 -0.0025771 0.00079029 9.656e-005 -0.00078443
-0.0018099 -0.0020392 0.0030395 0.015791 0.019461 -0.0067229 -0.040558 -0.038519 -0.0084392 0.0093269 0.0068324 0.00079029 -0.0012003
-0.001662 0.0022451 0.015791 0.024496 -0.0099005 -0.077601 -0.091554 -0.02341 0.037649 0.035512 0.0093269 -0.0025771 -0.0027008
0.0006858 0.0098168 0.019461 -0.0099005 -0.096474 -0.14167 -0.044403 0.092223 0.10876 0.037649 -0.0084392 -0.010997 -0.003798
0.0034947 0.0095785 -0.0067229 -0.077601 -0.14167 -0.055099 0.14379 0.21146 0.092223 -0.02341 -0.038519 -0.014142 -0.0016153
0.002531 -0.0033603 -0.040558 -0.091554 -0.044403 0.14379 0.26379 0.14379 -0.044403 -0.091554 -0.040558 -0.0033603 0.002531
-0.0016153 -0.014142 -0.038519 -0.02341 0.092223 0.21146 0.14379 -0.055099 -0.14167 -0.077601 -0.0067229 0.0095785 0.0034947
-0.003798 -0.010997 -0.0084392 0.037649 0.10876 0.092223 -0.044403 -0.14167 -0.096474 -0.0099005 0.019461 0.0098168 0.0006858
-0.0027008 -0.0025771 0.0093269 0.035512 0.037649 -0.02341 -0.091554 -0.077601 -0.0099005 0.024496 0.015791 0.0022451 -0.001662
-0.0012003 0.00079029 0.0068324 0.0093269 -0.0084392 -0.038519 -0.040558 -0.0067229 0.019461 0.015791 0.0030395 -0.0020392 -0.0018099
-0.00078443 9.656e-005 0.00079029 -0.0025771 -0.010997 -0.014142 -0.0033603 0.0095785 0.0098168 0.0022451 -0.0020392 -0.0020142 -0.0012391
-0.00088468 -0.00078443 -0.0012003 -0.0027008 -0.003798 -0.0016153 0.002531 0.0034947 0.0006858 -0.001662 -0.0018099 -0.0012391 -0.00098264
